3 0.65 0.5729166666666666 0.675 0.8458333333333333
4 0.5046875 0.73125 0.265625 0.5291666666666667
5 0.665625 0.6604166666666667 0.40625 0.6708333333333333
6 0.6609375 0.6604166666666667 0.290625 0.6708333333333333
7 0.5296875 0.6666666666666666 0.240625 0.6583333333333333
3 0.65 0.5729166666666666 0.675 0.8458333333333333
4 0.5046875 0.73125 0.265625 0.5291666666666667
5 0.665625 0.6604166666666667 0.40625 0.6708333333333333
6 0.6609375 0.6604166666666667 0.290625 0.6708333333333333
7 0.5296875 0.6666666666666666 0.240625 0.6583333333333333
9 0.7140625 0.5666666666666667 0.565625 0.8
10 0.4453125 0.64375 0.409375 0.7041666666666667
13 0.7140625 0.4583333333333333 0.565625 0.4
14 0.6234375 0.6395833333333333 0.746875 0.5875
16 0.4265625 0.5708333333333333 0.353125 0.85
18 0.4484375 0.6666666666666666 0.303125 0.6583333333333333
19 0.7171875 0.6541666666666667 0.553125 0.6833333333333333
20 0.7390625 0.6104166666666667 0.278125 0.7708333333333334
3 0.65 0.5729166666666666 0.675 0.8458333333333333
4 0.5046875 0.73125 0.265625 0.5291666666666667
5 0.665625 0.6604166666666667 0.40625 0.6708333333333333
6 0.6609375 0.6604166666666667 0.290625 0.6708333333333333
7 0.5296875 0.6666666666666666 0.240625 0.6583333333333333
9 0.7140625 0.5666666666666667 0.565625 0.8
10 0.4453125 0.64375 0.409375 0.7041666666666667
13 0.7140625 0.4583333333333333 0.565625 0.4
14 0.6234375 0.6395833333333333 0.746875 0.5875
16 0.4265625 0.5708333333333333 0.353125 0.85
18 0.4484375 0.6666666666666666 0.303125 0.6583333333333333
19 0.7171875 0.6541666666666667 0.553125 0.6833333333333333
20 0.7390625 0.6104166666666667 0.278125 0.7708333333333334
22 0.703125 0.7020833333333333 0.21875 0.5875
