0 0.5140625 0.6854166666666667 0.515625 0.6208333333333333
0 0.5140625 0.6854166666666667 0.515625 0.6208333333333333
3 0.65625 0.5708333333333333 0.6625 0.85
4 0.509375 0.7270833333333333 0.26875 0.5291666666666667
5 0.6421875 0.6666666666666666 0.409375 0.6583333333333333
6 0.65625 0.6666666666666666 0.29375 0.6583333333333333
7 0.5375 0.6645833333333333 0.2375 0.6625
8 0.521875 0.65 0.3625 0.6916666666666667
0 0.5140625 0.6854166666666667 0.515625 0.6208333333333333
3 0.65625 0.5708333333333333 0.6625 0.85
4 0.509375 0.7270833333333333 0.26875 0.5291666666666667
5 0.6421875 0.6666666666666666 0.409375 0.6583333333333333
6 0.65625 0.6666666666666666 0.29375 0.6583333333333333
7 0.5375 0.6645833333333333 0.2375 0.6625
8 0.521875 0.65 0.3625 0.6916666666666667
10 0.459375 0.64375 0.41875 0.7041666666666667
13 0.7125 0.4625 0.5625 0.39166666666666666
14 0.6390625 0.6333333333333333 0.715625 0.4583333333333333
16 0.36875 0.5895833333333333 0.31875 0.8125
18 0.4515625 0.68125 0.303125 0.6291666666666667
19 0.71875 0.65625 0.55 0.6708333333333333
0 0.5140625 0.6854166666666667 0.515625 0.6208333333333333
3 0.65625 0.5708333333333333 0.6625 0.85
4 0.509375 0.7270833333333333 0.26875 0.5291666666666667
5 0.6421875 0.6666666666666666 0.409375 0.6583333333333333
6 0.65625 0.6666666666666666 0.29375 0.6583333333333333
7 0.5375 0.6645833333333333 0.2375 0.6625
8 0.521875 0.65 0.3625 0.6916666666666667
10 0.459375 0.64375 0.41875 0.7041666666666667
13 0.7125 0.4625 0.5625 0.39166666666666666
14 0.6390625 0.6333333333333333 0.715625 0.4583333333333333
16 0.36875 0.5895833333333333 0.31875 0.8125
18 0.4515625 0.68125 0.303125 0.6291666666666667
19 0.71875 0.65625 0.55 0.6708333333333333
22 0.7171875 0.70625 0.246875 0.5791666666666667
