0 0.38125 0.8979166666666667 0.18125 0.19583333333333333
0 0.38125 0.8979166666666667 0.18125 0.19583333333333333
3 0.665625 0.5583333333333333 0.6625 0.875
4 0.5125 0.73125 0.26875 0.5291666666666667
5 0.64375 0.6604166666666667 0.4 0.6708333333333333
6 0.65625 0.6625 0.3 0.6666666666666666
7 0.5296875 0.6666666666666666 0.234375 0.6583333333333333
8 0.515625 0.6541666666666667 0.3625 0.6833333333333333
0 0.38125 0.8979166666666667 0.18125 0.19583333333333333
3 0.665625 0.5583333333333333 0.6625 0.875
4 0.5125 0.73125 0.26875 0.5291666666666667
5 0.64375 0.6604166666666667 0.4 0.6708333333333333
6 0.65625 0.6625 0.3 0.6666666666666666
7 0.5296875 0.6666666666666666 0.234375 0.6583333333333333
8 0.515625 0.6541666666666667 0.3625 0.6833333333333333
10 0.4484375 0.6479166666666667 0.421875 0.6958333333333333
13 0.7140625 0.45625 0.559375 0.3875
14 0.58125 0.6166666666666667 0.61875 0.4083333333333333
16 0.3328125 0.60625 0.309375 0.7791666666666667
18 0.45 0.6645833333333333 0.3 0.6625
19 0.725 0.6520833333333333 0.5375 0.6875
0 0.38125 0.8979166666666667 0.18125 0.19583333333333333
3 0.665625 0.5583333333333333 0.6625 0.875
4 0.5125 0.73125 0.26875 0.5291666666666667
5 0.64375 0.6604166666666667 0.4 0.6708333333333333
6 0.65625 0.6625 0.3 0.6666666666666666
7 0.5296875 0.6666666666666666 0.234375 0.6583333333333333
8 0.515625 0.6541666666666667 0.3625 0.6833333333333333
10 0.4484375 0.6479166666666667 0.421875 0.6958333333333333
13 0.7140625 0.45625 0.559375 0.3875
14 0.58125 0.6166666666666667 0.61875 0.4083333333333333
16 0.3328125 0.60625 0.309375 0.7791666666666667
18 0.45 0.6645833333333333 0.3 0.6625
19 0.725 0.6520833333333333 0.5375 0.6875
22 0.7984375 0.7020833333333333 0.396875 0.5875
