0 0.59375 0.5916666666666667 0.5375 0.8
0 0.59375 0.5916666666666667 0.5375 0.8
3 0.6484375 0.5791666666666667 0.690625 0.825
4 0.5109375 0.7145833333333333 0.278125 0.5625
5 0.66875 0.60625 0.41875 0.7708333333333334
6 0.6421875 0.6604166666666667 0.328125 0.6625
7 0.5203125 0.6625 0.246875 0.6666666666666666
0 0.59375 0.5916666666666667 0.5375 0.8
3 0.6484375 0.5791666666666667 0.690625 0.825
4 0.5109375 0.7145833333333333 0.278125 0.5625
5 0.66875 0.60625 0.41875 0.7708333333333334
6 0.6421875 0.6604166666666667 0.328125 0.6625
7 0.5203125 0.6625 0.246875 0.6666666666666666
10 0.428125 0.6395833333333333 0.4 0.7041666666666667
13 0.7109375 0.4583333333333333 0.571875 0.39166666666666666
14 0.6234375 0.6104166666666667 0.746875 0.6041666666666666
16 0.4546875 0.5645833333333333 0.365625 0.8541666666666666
17 0.4953125 0.6791666666666667 0.334375 0.625
18 0.4453125 0.6708333333333333 0.309375 0.65
19 0.7171875 0.6520833333333333 0.559375 0.6791666666666667
20 0.71875 0.6270833333333333 0.55625 0.7375
21 0.6234375 0.6770833333333334 0.396875 0.6375
0 0.59375 0.5916666666666667 0.5375 0.8
3 0.6484375 0.5791666666666667 0.690625 0.825
4 0.5109375 0.7145833333333333 0.278125 0.5625
5 0.66875 0.60625 0.41875 0.7708333333333334
6 0.6421875 0.6604166666666667 0.328125 0.6625
7 0.5203125 0.6625 0.246875 0.6666666666666666
10 0.428125 0.6395833333333333 0.4 0.7041666666666667
13 0.7109375 0.4583333333333333 0.571875 0.39166666666666666
14 0.6234375 0.6104166666666667 0.746875 0.6041666666666666
16 0.4546875 0.5645833333333333 0.365625 0.8541666666666666
17 0.4953125 0.6791666666666667 0.334375 0.625
18 0.4453125 0.6708333333333333 0.309375 0.65
19 0.7171875 0.6520833333333333 0.559375 0.6791666666666667
20 0.71875 0.6270833333333333 0.55625 0.7375
21 0.6234375 0.6770833333333334 0.396875 0.6375
22 0.7078125 0.6958333333333333 0.215625 0.6
