1 0.6046875 0.5604166666666667 0.309375 0.8625
2 0.6125 0.6458333333333334 0.4 0.6916666666666667
3 0.6484375 0.5791666666666667 0.684375 0.8333333333333334
4 0.50625 0.7270833333333333 0.26875 0.5375
5 0.6703125 0.6291666666666667 0.415625 0.7333333333333333
6 0.653125 0.6625 0.3 0.6666666666666666
7 0.521875 0.6625 0.24375 0.6666666666666666
8 0.5171875 0.6520833333333333 0.353125 0.6875
1 0.6046875 0.5604166666666667 0.309375 0.8625
2 0.6125 0.6458333333333334 0.4 0.6916666666666667
3 0.6484375 0.5791666666666667 0.684375 0.8333333333333334
4 0.50625 0.7270833333333333 0.26875 0.5375
5 0.6703125 0.6291666666666667 0.415625 0.7333333333333333
6 0.653125 0.6625 0.3 0.6666666666666666
7 0.521875 0.6625 0.24375 0.6666666666666666
8 0.5171875 0.6520833333333333 0.353125 0.6875
10 0.4296875 0.6416666666666667 0.421875 0.7
13 0.7125 0.45416666666666666 0.56875 0.4
14 0.63125 0.5229166666666667 0.73125 0.5958333333333333
16 0.446875 0.5645833333333333 0.35 0.8541666666666666
17 0.4953125 0.6916666666666667 0.328125 0.6
18 0.4515625 0.6666666666666666 0.303125 0.6583333333333333
19 0.71875 0.6541666666666667 0.55625 0.6833333333333333
21 0.6265625 0.6833333333333333 0.390625 0.625
1 0.6046875 0.5604166666666667 0.309375 0.8625
2 0.6125 0.6458333333333334 0.4 0.6916666666666667
3 0.6484375 0.5791666666666667 0.684375 0.8333333333333334
4 0.50625 0.7270833333333333 0.26875 0.5375
5 0.6703125 0.6291666666666667 0.415625 0.7333333333333333
6 0.653125 0.6625 0.3 0.6666666666666666
7 0.521875 0.6625 0.24375 0.6666666666666666
8 0.5171875 0.6520833333333333 0.353125 0.6875
10 0.4296875 0.6416666666666667 0.421875 0.7
13 0.7125 0.45416666666666666 0.56875 0.4
14 0.63125 0.5229166666666667 0.73125 0.5958333333333333
16 0.446875 0.5645833333333333 0.35 0.8541666666666666
17 0.4953125 0.6916666666666667 0.328125 0.6
18 0.4515625 0.6666666666666666 0.303125 0.6583333333333333
19 0.71875 0.6541666666666667 0.55625 0.6833333333333333
21 0.6265625 0.6833333333333333 0.390625 0.625
22 0.7640625 0.6958333333333333 0.334375 0.6
