3 0.6484375 0.5729166666666666 0.684375 0.8375
4 0.5046875 0.7291666666666666 0.265625 0.5333333333333333
5 0.66875 0.6395833333333333 0.4125 0.7125
6 0.6578125 0.6583333333333333 0.296875 0.6666666666666666
7 0.5265625 0.6604166666666667 0.240625 0.6625
3 0.6484375 0.5729166666666666 0.684375 0.8375
4 0.5046875 0.7291666666666666 0.265625 0.5333333333333333
5 0.66875 0.6395833333333333 0.4125 0.7125
6 0.6578125 0.6583333333333333 0.296875 0.6666666666666666
7 0.5265625 0.6604166666666667 0.240625 0.6625
10 0.4359375 0.64375 0.409375 0.7041666666666667
13 0.7125 0.45208333333333334 0.5625 0.4041666666666667
14 0.621875 0.5666666666666667 0.75 0.5583333333333333
16 0.4375 0.5708333333333333 0.35 0.85
18 0.45 0.6666666666666666 0.3 0.6583333333333333
19 0.7171875 0.6520833333333333 0.559375 0.6875
20 0.7921875 0.6166666666666667 0.409375 0.7583333333333333
21 0.6328125 0.6833333333333333 0.384375 0.625
3 0.6484375 0.5729166666666666 0.684375 0.8375
4 0.5046875 0.7291666666666666 0.265625 0.5333333333333333
5 0.66875 0.6395833333333333 0.4125 0.7125
6 0.6578125 0.6583333333333333 0.296875 0.6666666666666666
7 0.5265625 0.6604166666666667 0.240625 0.6625
10 0.4359375 0.64375 0.409375 0.7041666666666667
13 0.7125 0.45208333333333334 0.5625 0.4041666666666667
14 0.621875 0.5666666666666667 0.75 0.5583333333333333
16 0.4375 0.5708333333333333 0.35 0.85
18 0.45 0.6666666666666666 0.3 0.6583333333333333
19 0.7171875 0.6520833333333333 0.559375 0.6875
20 0.7921875 0.6166666666666667 0.409375 0.7583333333333333
21 0.6328125 0.6833333333333333 0.384375 0.625
22 0.7953125 0.69375 0.403125 0.5958333333333333
