0 0.6 0.5770833333333333 0.53125 0.8291666666666667
0 0.6 0.5770833333333333 0.53125 0.8291666666666667
2 0.6109375 0.6395833333333333 0.403125 0.7041666666666667
3 0.659375 0.56875 0.66875 0.8541666666666666
4 0.50625 0.7333333333333333 0.26875 0.525
5 0.653125 0.6583333333333333 0.4125 0.675
6 0.6625 0.6645833333333333 0.28125 0.6625
7 0.5265625 0.6604166666666667 0.240625 0.6625
8 0.5203125 0.6520833333333333 0.365625 0.6875
0 0.6 0.5770833333333333 0.53125 0.8291666666666667
2 0.6109375 0.6395833333333333 0.403125 0.7041666666666667
3 0.659375 0.56875 0.66875 0.8541666666666666
4 0.50625 0.7333333333333333 0.26875 0.525
5 0.653125 0.6583333333333333 0.4125 0.675
6 0.6625 0.6645833333333333 0.28125 0.6625
7 0.5265625 0.6604166666666667 0.240625 0.6625
8 0.5203125 0.6520833333333333 0.365625 0.6875
9 0.665625 0.5625 0.6625 0.775
10 0.4578125 0.64375 0.415625 0.7041666666666667
11 0.640625 0.6708333333333333 0.70625 0.65
13 0.7125 0.46458333333333335 0.5625 0.3958333333333333
14 0.634375 0.6604166666666667 0.725 0.5041666666666667
16 0.4078125 0.5791666666666667 0.321875 0.8333333333333334
17 0.5046875 0.7041666666666667 0.315625 0.5833333333333334
18 0.45 0.6833333333333333 0.3 0.625
20 0.7828125 0.6354166666666666 0.428125 0.7208333333333333
0 0.6 0.5770833333333333 0.53125 0.8291666666666667
2 0.6109375 0.6395833333333333 0.403125 0.7041666666666667
3 0.659375 0.56875 0.66875 0.8541666666666666
4 0.50625 0.7333333333333333 0.26875 0.525
5 0.653125 0.6583333333333333 0.4125 0.675
6 0.6625 0.6645833333333333 0.28125 0.6625
7 0.5265625 0.6604166666666667 0.240625 0.6625
8 0.5203125 0.6520833333333333 0.365625 0.6875
9 0.665625 0.5625 0.6625 0.775
10 0.4578125 0.64375 0.415625 0.7041666666666667
11 0.640625 0.6708333333333333 0.70625 0.65
13 0.7125 0.46458333333333335 0.5625 0.3958333333333333
14 0.634375 0.6604166666666667 0.725 0.5041666666666667
16 0.4078125 0.5791666666666667 0.321875 0.8333333333333334
17 0.5046875 0.7041666666666667 0.315625 0.5833333333333334
18 0.45 0.6833333333333333 0.3 0.625
20 0.7828125 0.6354166666666666 0.428125 0.7208333333333333
22 0.7953125 0.7041666666666667 0.403125 0.575
