0 0.5984375 0.5875 0.540625 0.8166666666666667
0 0.5984375 0.5875 0.540625 0.8166666666666667
2 0.6125 0.65 0.40625 0.6833333333333333
3 0.65 0.575 0.6875 0.8333333333333334
4 0.5109375 0.71875 0.271875 0.5541666666666667
5 0.6734375 0.6354166666666666 0.421875 0.7208333333333333
6 0.646875 0.6645833333333333 0.30625 0.6625
7 0.521875 0.6625 0.24375 0.6666666666666666
0 0.5984375 0.5875 0.540625 0.8166666666666667
2 0.6125 0.65 0.40625 0.6833333333333333
3 0.65 0.575 0.6875 0.8333333333333334
4 0.5109375 0.71875 0.271875 0.5541666666666667
5 0.6734375 0.6354166666666666 0.421875 0.7208333333333333
6 0.646875 0.6645833333333333 0.30625 0.6625
7 0.521875 0.6625 0.24375 0.6666666666666666
10 0.425 0.6395833333333333 0.40625 0.7041666666666667
13 0.7109375 0.4625 0.571875 0.39166666666666666
14 0.628125 0.5479166666666667 0.7375 0.6291666666666667
16 0.4390625 0.5666666666666667 0.353125 0.85
18 0.4515625 0.6708333333333333 0.303125 0.65
19 0.5859375 0.6520833333333333 0.284375 0.6791666666666667
20 0.7078125 0.6208333333333333 0.415625 0.7416666666666667
21 0.6265625 0.6791666666666667 0.396875 0.6333333333333333
0 0.5984375 0.5875 0.540625 0.8166666666666667
2 0.6125 0.65 0.40625 0.6833333333333333
3 0.65 0.575 0.6875 0.8333333333333334
4 0.5109375 0.71875 0.271875 0.5541666666666667
5 0.6734375 0.6354166666666666 0.421875 0.7208333333333333
6 0.646875 0.6645833333333333 0.30625 0.6625
7 0.521875 0.6625 0.24375 0.6666666666666666
10 0.425 0.6395833333333333 0.40625 0.7041666666666667
13 0.7109375 0.4625 0.571875 0.39166666666666666
14 0.628125 0.5479166666666667 0.7375 0.6291666666666667
16 0.4390625 0.5666666666666667 0.353125 0.85
18 0.4515625 0.6708333333333333 0.303125 0.65
19 0.5859375 0.6520833333333333 0.284375 0.6791666666666667
20 0.7078125 0.6208333333333333 0.415625 0.7416666666666667
21 0.6265625 0.6791666666666667 0.396875 0.6333333333333333
22 0.796875 0.6958333333333333 0.4 0.6
