2 0.609375 0.6416666666666667 0.40625 0.7083333333333334
3 0.6484375 0.5708333333333333 0.671875 0.85
4 0.5046875 0.7333333333333333 0.265625 0.525
5 0.65625 0.6520833333333333 0.40625 0.6875
6 0.665625 0.6625 0.28125 0.6666666666666666
7 0.5296875 0.6645833333333333 0.240625 0.6625
8 0.525 0.65 0.3625 0.6916666666666667
2 0.609375 0.6416666666666667 0.40625 0.7083333333333334
3 0.6484375 0.5708333333333333 0.671875 0.85
4 0.5046875 0.7333333333333333 0.265625 0.525
5 0.65625 0.6520833333333333 0.40625 0.6875
6 0.665625 0.6625 0.28125 0.6666666666666666
7 0.5296875 0.6645833333333333 0.240625 0.6625
8 0.525 0.65 0.3625 0.6916666666666667
9 0.6828125 0.5583333333333333 0.621875 0.775
10 0.4484375 0.64375 0.421875 0.7041666666666667
13 0.715625 0.46458333333333335 0.5625 0.3958333333333333
14 0.625 0.65 0.7375 0.5166666666666667
16 0.4125 0.575 0.33125 0.8416666666666667
18 0.446875 0.6833333333333333 0.3 0.6166666666666667
20 0.79375 0.61875 0.40625 0.7541666666666667
21 0.678125 0.6666666666666666 0.3375 0.65
2 0.609375 0.6416666666666667 0.40625 0.7083333333333334
3 0.6484375 0.5708333333333333 0.671875 0.85
4 0.5046875 0.7333333333333333 0.265625 0.525
5 0.65625 0.6520833333333333 0.40625 0.6875
6 0.665625 0.6625 0.28125 0.6666666666666666
7 0.5296875 0.6645833333333333 0.240625 0.6625
8 0.525 0.65 0.3625 0.6916666666666667
9 0.6828125 0.5583333333333333 0.621875 0.775
10 0.4484375 0.64375 0.421875 0.7041666666666667
13 0.715625 0.46458333333333335 0.5625 0.3958333333333333
14 0.625 0.65 0.7375 0.5166666666666667
16 0.4125 0.575 0.33125 0.8416666666666667
18 0.446875 0.6833333333333333 0.3 0.6166666666666667
20 0.79375 0.61875 0.40625 0.7541666666666667
21 0.678125 0.6666666666666666 0.3375 0.65
22 0.79375 0.7041666666666667 0.40625 0.5833333333333334
