3 0.64375 0.5833333333333334 0.6875 0.825
4 0.5078125 0.7083333333333334 0.278125 0.575
5 0.6578125 0.6041666666666666 0.415625 0.775
6 0.6359375 0.65625 0.346875 0.6708333333333333
7 0.521875 0.6583333333333333 0.24375 0.675
8 0.4921875 0.6520833333333333 0.346875 0.6875
3 0.64375 0.5833333333333334 0.6875 0.825
4 0.5078125 0.7083333333333334 0.278125 0.575
5 0.6578125 0.6041666666666666 0.415625 0.775
6 0.6359375 0.65625 0.346875 0.6708333333333333
7 0.521875 0.6583333333333333 0.24375 0.675
8 0.4921875 0.6520833333333333 0.346875 0.6875
10 0.43125 0.6395833333333333 0.4125 0.7041666666666667
13 0.70625 0.45625 0.58125 0.4041666666666667
14 0.625 0.65 0.74375 0.55
16 0.4609375 0.5604166666666667 0.371875 0.8708333333333333
18 0.440625 0.6708333333333333 0.30625 0.65
19 0.7125 0.6541666666666667 0.5625 0.6833333333333333
20 0.678125 0.6270833333333333 0.55 0.7375
21 0.6296875 0.6791666666666667 0.396875 0.6333333333333333
3 0.64375 0.5833333333333334 0.6875 0.825
4 0.5078125 0.7083333333333334 0.278125 0.575
5 0.6578125 0.6041666666666666 0.415625 0.775
6 0.6359375 0.65625 0.346875 0.6708333333333333
7 0.521875 0.6583333333333333 0.24375 0.675
8 0.4921875 0.6520833333333333 0.346875 0.6875
10 0.43125 0.6395833333333333 0.4125 0.7041666666666667
13 0.70625 0.45625 0.58125 0.4041666666666667
14 0.625 0.65 0.74375 0.55
16 0.4609375 0.5604166666666667 0.371875 0.8708333333333333
18 0.440625 0.6708333333333333 0.30625 0.65
19 0.7125 0.6541666666666667 0.5625 0.6833333333333333
20 0.678125 0.6270833333333333 0.55 0.7375
21 0.6296875 0.6791666666666667 0.396875 0.6333333333333333
22 0.7953125 0.6979166666666666 0.396875 0.5958333333333333
