2 0.6296875 0.6375 0.390625 0.7083333333333334
3 0.6375 0.5958333333333333 0.7 0.7916666666666666
4 0.5046875 0.7041666666666667 0.284375 0.5833333333333334
5 0.625 0.6291666666666667 0.39375 0.7333333333333333
6 0.6421875 0.6375 0.421875 0.7083333333333334
7 0.5203125 0.63125 0.246875 0.7208333333333333
2 0.6296875 0.6375 0.390625 0.7083333333333334
3 0.6375 0.5958333333333333 0.7 0.7916666666666666
4 0.5046875 0.7041666666666667 0.284375 0.5833333333333334
5 0.625 0.6291666666666667 0.39375 0.7333333333333333
6 0.6421875 0.6375 0.421875 0.7083333333333334
7 0.5203125 0.63125 0.246875 0.7208333333333333
10 0.453125 0.6416666666666667 0.425 0.7083333333333334
13 0.7015625 0.46458333333333335 0.590625 0.3875
14 0.634375 0.5854166666666667 0.725 0.5291666666666667
16 0.4234375 0.5708333333333333 0.365625 0.85
17 0.5015625 0.6895833333333333 0.340625 0.6125
18 0.40625 0.6875 0.3 0.6166666666666667
20 0.634375 0.5958333333333333 0.5375 0.7916666666666666
21 0.65625 0.6770833333333334 0.3625 0.6375
2 0.6296875 0.6375 0.390625 0.7083333333333334
3 0.6375 0.5958333333333333 0.7 0.7916666666666666
4 0.5046875 0.7041666666666667 0.284375 0.5833333333333334
5 0.625 0.6291666666666667 0.39375 0.7333333333333333
6 0.6421875 0.6375 0.421875 0.7083333333333334
7 0.5203125 0.63125 0.246875 0.7208333333333333
10 0.453125 0.6416666666666667 0.425 0.7083333333333334
13 0.7015625 0.46458333333333335 0.590625 0.3875
14 0.634375 0.5854166666666667 0.725 0.5291666666666667
16 0.4234375 0.5708333333333333 0.365625 0.85
17 0.5015625 0.6895833333333333 0.340625 0.6125
18 0.40625 0.6875 0.3 0.6166666666666667
20 0.634375 0.5958333333333333 0.5375 0.7916666666666666
21 0.65625 0.6770833333333334 0.3625 0.6375
22 0.79375 0.70625 0.40625 0.5791666666666667
