2 0.6296875 0.6520833333333333 0.390625 0.6875
3 0.634375 0.6041666666666666 0.71875 0.7833333333333333
4 0.490625 0.7166666666666667 0.2875 0.5583333333333333
5 0.58125 0.63125 0.39375 0.7291666666666666
6 0.65625 0.5979166666666667 0.45 0.7875
7 0.51875 0.6333333333333333 0.25 0.7166666666666667
8 0.4703125 0.65625 0.334375 0.6791666666666667
2 0.6296875 0.6520833333333333 0.390625 0.6875
3 0.634375 0.6041666666666666 0.71875 0.7833333333333333
4 0.490625 0.7166666666666667 0.2875 0.5583333333333333
5 0.58125 0.63125 0.39375 0.7291666666666666
6 0.65625 0.5979166666666667 0.45 0.7875
7 0.51875 0.6333333333333333 0.25 0.7166666666666667
8 0.4703125 0.65625 0.334375 0.6791666666666667
10 0.4921875 0.6416666666666667 0.428125 0.7083333333333334
13 0.69375 0.46875 0.6 0.4041666666666667
14 0.640625 0.7145833333333333 0.7125 0.3625
16 0.3859375 0.575 0.346875 0.8333333333333334
18 0.4390625 0.6625 0.290625 0.6666666666666666
20 0.5828125 0.6020833333333333 0.465625 0.7791666666666667
21 0.6515625 0.6833333333333333 0.371875 0.625
2 0.6296875 0.6520833333333333 0.390625 0.6875
3 0.634375 0.6041666666666666 0.71875 0.7833333333333333
4 0.490625 0.7166666666666667 0.2875 0.5583333333333333
5 0.58125 0.63125 0.39375 0.7291666666666666
6 0.65625 0.5979166666666667 0.45 0.7875
7 0.51875 0.6333333333333333 0.25 0.7166666666666667
8 0.4703125 0.65625 0.334375 0.6791666666666667
10 0.4921875 0.6416666666666667 0.428125 0.7083333333333334
13 0.69375 0.46875 0.6 0.4041666666666667
14 0.640625 0.7145833333333333 0.7125 0.3625
16 0.3859375 0.575 0.346875 0.8333333333333334
18 0.4390625 0.6625 0.290625 0.6666666666666666
20 0.5828125 0.6020833333333333 0.465625 0.7791666666666667
21 0.6515625 0.6833333333333333 0.371875 0.625
22 0.7984375 0.69375 0.390625 0.5958333333333333
