3 0.646875 0.5875 0.7 0.8166666666666667
4 0.503125 0.70625 0.2875 0.5791666666666667
5 0.6375 0.6229166666666667 0.40625 0.7458333333333333
6 0.6296875 0.65625 0.371875 0.6708333333333333
7 0.525 0.6416666666666667 0.24375 0.7083333333333334
3 0.646875 0.5875 0.7 0.8166666666666667
4 0.503125 0.70625 0.2875 0.5791666666666667
5 0.6375 0.6229166666666667 0.40625 0.7458333333333333
6 0.6296875 0.65625 0.371875 0.6708333333333333
7 0.525 0.6416666666666667 0.24375 0.7083333333333334
10 0.446875 0.6395833333333333 0.4125 0.7041666666666667
13 0.7046875 0.46041666666666664 0.584375 0.3958333333333333
14 0.628125 0.6729166666666667 0.73125 0.4625
16 0.446875 0.5625 0.36875 0.8583333333333333
18 0.4453125 0.6708333333333333 0.309375 0.65
19 0.5734375 0.64375 0.284375 0.7041666666666667
20 0.6796875 0.6166666666666667 0.634375 0.7583333333333333
3 0.646875 0.5875 0.7 0.8166666666666667
4 0.503125 0.70625 0.2875 0.5791666666666667
5 0.6375 0.6229166666666667 0.40625 0.7458333333333333
6 0.6296875 0.65625 0.371875 0.6708333333333333
7 0.525 0.6416666666666667 0.24375 0.7083333333333334
10 0.446875 0.6395833333333333 0.4125 0.7041666666666667
13 0.7046875 0.46041666666666664 0.584375 0.3958333333333333
14 0.628125 0.6729166666666667 0.73125 0.4625
16 0.446875 0.5625 0.36875 0.8583333333333333
18 0.4453125 0.6708333333333333 0.309375 0.65
19 0.5734375 0.64375 0.284375 0.7041666666666667
20 0.6796875 0.6166666666666667 0.634375 0.7583333333333333
22 0.7 0.70625 0.21875 0.5708333333333333
