1 0.6109375 0.575 0.315625 0.8416666666666667
3 0.6453125 0.59375 0.703125 0.8041666666666667
4 0.5015625 0.7020833333333333 0.284375 0.5875
5 0.628125 0.6229166666666667 0.4 0.7458333333333333
6 0.64375 0.6458333333333334 0.425 0.6916666666666667
7 0.521875 0.63125 0.24375 0.7208333333333333
1 0.6109375 0.575 0.315625 0.8416666666666667
3 0.6453125 0.59375 0.703125 0.8041666666666667
4 0.5015625 0.7020833333333333 0.284375 0.5875
5 0.628125 0.6229166666666667 0.4 0.7458333333333333
6 0.64375 0.6458333333333334 0.425 0.6916666666666667
7 0.521875 0.63125 0.24375 0.7208333333333333
10 0.45625 0.6416666666666667 0.41875 0.7083333333333334
13 0.703125 0.46458333333333335 0.5875 0.3875
14 0.634375 0.5916666666666667 0.725 0.525
15 0.709375 0.3625 0.49375 0.725
16 0.4328125 0.56875 0.371875 0.8541666666666666
18 0.421875 0.6895833333333333 0.3125 0.6125
19 0.56875 0.6354166666666666 0.30625 0.7125
20 0.6046875 0.6 0.471875 0.7833333333333333
21 0.653125 0.6729166666666667 0.36875 0.6458333333333334
1 0.6109375 0.575 0.315625 0.8416666666666667
3 0.6453125 0.59375 0.703125 0.8041666666666667
4 0.5015625 0.7020833333333333 0.284375 0.5875
5 0.628125 0.6229166666666667 0.4 0.7458333333333333
6 0.64375 0.6458333333333334 0.425 0.6916666666666667
7 0.521875 0.63125 0.24375 0.7208333333333333
10 0.45625 0.6416666666666667 0.41875 0.7083333333333334
13 0.703125 0.46458333333333335 0.5875 0.3875
14 0.634375 0.5916666666666667 0.725 0.525
15 0.709375 0.3625 0.49375 0.725
16 0.4328125 0.56875 0.371875 0.8541666666666666
18 0.421875 0.6895833333333333 0.3125 0.6125
19 0.56875 0.6354166666666666 0.30625 0.7125
20 0.6046875 0.6 0.471875 0.7833333333333333
21 0.653125 0.6729166666666667 0.36875 0.6458333333333334
22 0.7921875 0.70625 0.403125 0.5708333333333333
