0 0.546875 0.6020833333333333 0.5125 0.7875
0 0.546875 0.6020833333333333 0.5125 0.7875
2 0.63125 0.6375 0.3875 0.7166666666666667
3 0.6328125 0.6 0.721875 0.7833333333333333
4 0.4984375 0.7104166666666667 0.284375 0.5708333333333333
5 0.5984375 0.6270833333333333 0.390625 0.7291666666666666
6 0.6578125 0.6125 0.453125 0.7583333333333333
7 0.5203125 0.6333333333333333 0.246875 0.725
8 0.434375 0.6583333333333333 0.3125 0.675
0 0.546875 0.6020833333333333 0.5125 0.7875
2 0.63125 0.6375 0.3875 0.7166666666666667
3 0.6328125 0.6 0.721875 0.7833333333333333
4 0.4984375 0.7104166666666667 0.284375 0.5708333333333333
5 0.5984375 0.6270833333333333 0.390625 0.7291666666666666
6 0.6578125 0.6125 0.453125 0.7583333333333333
7 0.5203125 0.6333333333333333 0.246875 0.725
8 0.434375 0.6583333333333333 0.3125 0.675
10 0.484375 0.6395833333333333 0.425 0.7041666666666667
13 0.696875 0.48125 0.6 0.3875
14 0.6375 0.6625 0.71875 0.4166666666666667
16 0.396875 0.575 0.34375 0.8333333333333334
18 0.425 0.6708333333333333 0.29375 0.65
20 0.6046875 0.6 0.490625 0.7916666666666666
21 0.6515625 0.6770833333333334 0.365625 0.6375
0 0.546875 0.6020833333333333 0.5125 0.7875
2 0.63125 0.6375 0.3875 0.7166666666666667
3 0.6328125 0.6 0.721875 0.7833333333333333
4 0.4984375 0.7104166666666667 0.284375 0.5708333333333333
5 0.5984375 0.6270833333333333 0.390625 0.7291666666666666
6 0.6578125 0.6125 0.453125 0.7583333333333333
7 0.5203125 0.6333333333333333 0.246875 0.725
8 0.434375 0.6583333333333333 0.3125 0.675
10 0.484375 0.6395833333333333 0.425 0.7041666666666667
13 0.696875 0.48125 0.6 0.3875
14 0.6375 0.6625 0.71875 0.4166666666666667
16 0.396875 0.575 0.34375 0.8333333333333334
18 0.425 0.6708333333333333 0.29375 0.65
20 0.6046875 0.6 0.490625 0.7916666666666666
21 0.6515625 0.6770833333333334 0.365625 0.6375
22 0.7984375 0.7 0.390625 0.5916666666666667
