3 0.6359375 0.6020833333333333 0.715625 0.7875
4 0.5015625 0.70625 0.284375 0.5708333333333333
5 0.6046875 0.6270833333333333 0.390625 0.7375
6 0.6546875 0.6229166666666667 0.453125 0.7375
7 0.5203125 0.63125 0.246875 0.7208333333333333
3 0.6359375 0.6020833333333333 0.715625 0.7875
4 0.5015625 0.70625 0.284375 0.5708333333333333
5 0.6046875 0.6270833333333333 0.390625 0.7375
6 0.6546875 0.6229166666666667 0.453125 0.7375
7 0.5203125 0.63125 0.246875 0.7208333333333333
10 0.4796875 0.6395833333333333 0.421875 0.7041666666666667
13 0.7 0.46875 0.59375 0.3875
14 0.6359375 0.6229166666666667 0.721875 0.4875
16 0.403125 0.5729166666666666 0.35625 0.8458333333333333
18 0.41875 0.68125 0.30625 0.6291666666666667
19 0.91875 0.7979166666666667 0.15625 0.3958333333333333
20 0.6484375 0.6 0.571875 0.7916666666666666
21 0.6546875 0.6770833333333334 0.359375 0.6375
3 0.6359375 0.6020833333333333 0.715625 0.7875
4 0.5015625 0.70625 0.284375 0.5708333333333333
5 0.6046875 0.6270833333333333 0.390625 0.7375
6 0.6546875 0.6229166666666667 0.453125 0.7375
7 0.5203125 0.63125 0.246875 0.7208333333333333
10 0.4796875 0.6395833333333333 0.421875 0.7041666666666667
13 0.7 0.46875 0.59375 0.3875
14 0.6359375 0.6229166666666667 0.721875 0.4875
16 0.403125 0.5729166666666666 0.35625 0.8458333333333333
18 0.41875 0.68125 0.30625 0.6291666666666667
19 0.91875 0.7979166666666667 0.15625 0.3958333333333333
20 0.6484375 0.6 0.571875 0.7916666666666666
21 0.6546875 0.6770833333333334 0.359375 0.6375
22 0.7953125 0.7041666666666667 0.396875 0.5833333333333334
