3 0.6453125 0.5854166666666667 0.703125 0.8208333333333333
4 0.5046875 0.70625 0.284375 0.5791666666666667
5 0.646875 0.6166666666666667 0.4125 0.75
6 0.634375 0.65625 0.375 0.6708333333333333
7 0.521875 0.65 0.24375 0.6916666666666667
3 0.6453125 0.5854166666666667 0.703125 0.8208333333333333
4 0.5046875 0.70625 0.284375 0.5791666666666667
5 0.646875 0.6166666666666667 0.4125 0.75
6 0.634375 0.65625 0.375 0.6708333333333333
7 0.521875 0.65 0.24375 0.6916666666666667
10 0.4421875 0.6395833333333333 0.409375 0.7041666666666667
13 0.70625 0.46041666666666664 0.58125 0.3958333333333333
14 0.6296875 0.6791666666666667 0.734375 0.45
16 0.453125 0.5604166666666667 0.36875 0.8625
18 0.4453125 0.6708333333333333 0.309375 0.65
19 0.571875 0.65 0.275 0.6833333333333333
20 0.6875 0.6208333333333333 0.61875 0.7416666666666667
21 0.7171875 0.675 0.553125 0.6416666666666667
3 0.6453125 0.5854166666666667 0.703125 0.8208333333333333
4 0.5046875 0.70625 0.284375 0.5791666666666667
5 0.646875 0.6166666666666667 0.4125 0.75
6 0.634375 0.65625 0.375 0.6708333333333333
7 0.521875 0.65 0.24375 0.6916666666666667
10 0.4421875 0.6395833333333333 0.409375 0.7041666666666667
13 0.70625 0.46041666666666664 0.58125 0.3958333333333333
14 0.6296875 0.6791666666666667 0.734375 0.45
16 0.453125 0.5604166666666667 0.36875 0.8625
18 0.4453125 0.6708333333333333 0.309375 0.65
19 0.571875 0.65 0.275 0.6833333333333333
20 0.6875 0.6208333333333333 0.61875 0.7416666666666667
21 0.7171875 0.675 0.553125 0.6416666666666667
22 0.7953125 0.7 0.396875 0.5916666666666667
