1 0.60625 0.5770833333333333 0.3125 0.8375
2 0.621875 0.6458333333333334 0.39375 0.6916666666666667
3 0.6453125 0.5875 0.696875 0.8166666666666667
4 0.5015625 0.7041666666666667 0.284375 0.5833333333333334
5 0.6328125 0.61875 0.403125 0.7541666666666667
6 0.6390625 0.6479166666666667 0.409375 0.6875
7 0.5234375 0.6354166666666666 0.246875 0.7208333333333333
1 0.60625 0.5770833333333333 0.3125 0.8375
2 0.621875 0.6458333333333334 0.39375 0.6916666666666667
3 0.6453125 0.5875 0.696875 0.8166666666666667
4 0.5015625 0.7041666666666667 0.284375 0.5833333333333334
5 0.6328125 0.61875 0.403125 0.7541666666666667
6 0.6390625 0.6479166666666667 0.409375 0.6875
7 0.5234375 0.6354166666666666 0.246875 0.7208333333333333
10 0.45 0.64375 0.41875 0.7041666666666667
13 0.703125 0.4625 0.5875 0.39166666666666666
14 0.6234375 0.6375 0.740625 0.5
16 0.4421875 0.5625 0.365625 0.8583333333333333
18 0.4421875 0.6770833333333334 0.315625 0.6375
19 0.5734375 0.6375 0.290625 0.7083333333333334
20 0.6796875 0.6104166666666667 0.628125 0.7625
21 0.6484375 0.6708333333333333 0.365625 0.65
1 0.60625 0.5770833333333333 0.3125 0.8375
2 0.621875 0.6458333333333334 0.39375 0.6916666666666667
3 0.6453125 0.5875 0.696875 0.8166666666666667
4 0.5015625 0.7041666666666667 0.284375 0.5833333333333334
5 0.6328125 0.61875 0.403125 0.7541666666666667
6 0.6390625 0.6479166666666667 0.409375 0.6875
7 0.5234375 0.6354166666666666 0.246875 0.7208333333333333
10 0.45 0.64375 0.41875 0.7041666666666667
13 0.703125 0.4625 0.5875 0.39166666666666666
14 0.6234375 0.6375 0.740625 0.5
16 0.4421875 0.5625 0.365625 0.8583333333333333
18 0.4421875 0.6770833333333334 0.315625 0.6375
19 0.5734375 0.6375 0.290625 0.7083333333333334
20 0.6796875 0.6104166666666667 0.628125 0.7625
21 0.6484375 0.6708333333333333 0.365625 0.65
22 0.703125 0.7083333333333334 0.21875 0.575
