2 0.6296875 0.6395833333333333 0.396875 0.7041666666666667
3 0.634375 0.6 0.71875 0.7833333333333333
4 0.4984375 0.7145833333333333 0.284375 0.5625
5 0.5890625 0.63125 0.390625 0.7291666666666666
6 0.6546875 0.60625 0.446875 0.7791666666666667
7 0.521875 0.63125 0.25 0.7208333333333333
8 0.4515625 0.6625 0.328125 0.6666666666666666
2 0.6296875 0.6395833333333333 0.396875 0.7041666666666667
3 0.634375 0.6 0.71875 0.7833333333333333
4 0.4984375 0.7145833333333333 0.284375 0.5625
5 0.5890625 0.63125 0.390625 0.7291666666666666
6 0.6546875 0.60625 0.446875 0.7791666666666667
7 0.521875 0.63125 0.25 0.7208333333333333
8 0.4515625 0.6625 0.328125 0.6666666666666666
10 0.4890625 0.6416666666666667 0.421875 0.7083333333333334
13 0.696875 0.47708333333333336 0.6 0.3958333333333333
16 0.3921875 0.5770833333333333 0.346875 0.8375
18 0.43125 0.6645833333333333 0.30625 0.6625
19 0.7 0.6291666666666667 0.575 0.725
20 0.6734375 0.6020833333333333 0.646875 0.7875
21 0.653125 0.68125 0.36875 0.6291666666666667
2 0.6296875 0.6395833333333333 0.396875 0.7041666666666667
3 0.634375 0.6 0.71875 0.7833333333333333
4 0.4984375 0.7145833333333333 0.284375 0.5625
5 0.5890625 0.63125 0.390625 0.7291666666666666
6 0.6546875 0.60625 0.446875 0.7791666666666667
7 0.521875 0.63125 0.25 0.7208333333333333
8 0.4515625 0.6625 0.328125 0.6666666666666666
10 0.4890625 0.6416666666666667 0.421875 0.7083333333333334
13 0.696875 0.47708333333333336 0.6 0.3958333333333333
16 0.3921875 0.5770833333333333 0.346875 0.8375
18 0.43125 0.6645833333333333 0.30625 0.6625
19 0.7 0.6291666666666667 0.575 0.725
20 0.6734375 0.6020833333333333 0.646875 0.7875
21 0.653125 0.68125 0.36875 0.6291666666666667
22 0.7984375 0.7 0.390625 0.5916666666666667
