3 0.640625 0.6 0.70625 0.7916666666666666
4 0.503125 0.70625 0.28125 0.5791666666666667
5 0.6140625 0.6270833333333333 0.396875 0.7375
6 0.6421875 0.63125 0.428125 0.7291666666666666
7 0.5203125 0.6333333333333333 0.246875 0.725
3 0.640625 0.6 0.70625 0.7916666666666666
4 0.503125 0.70625 0.28125 0.5791666666666667
5 0.6140625 0.6270833333333333 0.396875 0.7375
6 0.6421875 0.63125 0.428125 0.7291666666666666
7 0.5203125 0.6333333333333333 0.246875 0.725
10 0.45625 0.6395833333333333 0.425 0.7125
13 0.7 0.4625 0.59375 0.39166666666666666
14 0.6359375 0.61875 0.721875 0.5708333333333333
16 0.415625 0.5708333333333333 0.35625 0.85
18 0.40625 0.6875 0.3 0.6166666666666667
20 0.68125 0.6 0.63125 0.7916666666666666
21 0.6546875 0.6770833333333334 0.359375 0.6375
3 0.640625 0.6 0.70625 0.7916666666666666
4 0.503125 0.70625 0.28125 0.5791666666666667
5 0.6140625 0.6270833333333333 0.396875 0.7375
6 0.6421875 0.63125 0.428125 0.7291666666666666
7 0.5203125 0.6333333333333333 0.246875 0.725
10 0.45625 0.6395833333333333 0.425 0.7125
13 0.7 0.4625 0.59375 0.39166666666666666
14 0.6359375 0.61875 0.721875 0.5708333333333333
16 0.415625 0.5708333333333333 0.35625 0.85
18 0.40625 0.6875 0.3 0.6166666666666667
20 0.68125 0.6 0.63125 0.7916666666666666
21 0.6546875 0.6770833333333334 0.359375 0.6375
22 0.79375 0.7083333333333334 0.4 0.575
