2 0.64375 0.6541666666666667 0.4125 0.6833333333333333
3 0.6421875 0.6041666666666666 0.696875 0.7833333333333333
4 0.490625 0.7145833333333333 0.28125 0.5625
6 0.6328125 0.6083333333333333 0.478125 0.7666666666666667
7 0.51875 0.6333333333333333 0.25 0.7166666666666667
2 0.64375 0.6541666666666667 0.4125 0.6833333333333333
3 0.6421875 0.6041666666666666 0.696875 0.7833333333333333
4 0.490625 0.7145833333333333 0.28125 0.5625
6 0.6328125 0.6083333333333333 0.478125 0.7666666666666667
7 0.51875 0.6333333333333333 0.25 0.7166666666666667
10 0.3984375 0.63125 0.390625 0.7208333333333333
11 0.7 0.6041666666666666 0.59375 0.4
12 0.671875 0.7333333333333333 0.65 0.30833333333333335
13 0.721875 0.47291666666666665 0.55 0.4708333333333333
14 0.625 0.5979166666666667 0.74375 0.6875
16 0.39375 0.5729166666666666 0.36875 0.8458333333333333
18 0.4703125 0.6375 0.303125 0.7166666666666667
19 0.7171875 0.6229166666666667 0.553125 0.7458333333333333
20 0.575 0.625 0.475 0.7416666666666667
2 0.64375 0.6541666666666667 0.4125 0.6833333333333333
3 0.6421875 0.6041666666666666 0.696875 0.7833333333333333
4 0.490625 0.7145833333333333 0.28125 0.5625
6 0.6328125 0.6083333333333333 0.478125 0.7666666666666667
7 0.51875 0.6333333333333333 0.25 0.7166666666666667
10 0.3984375 0.63125 0.390625 0.7208333333333333
11 0.7 0.6041666666666666 0.59375 0.4
12 0.671875 0.7333333333333333 0.65 0.30833333333333335
13 0.721875 0.47291666666666665 0.55 0.4708333333333333
14 0.625 0.5979166666666667 0.74375 0.6875
16 0.39375 0.5729166666666666 0.36875 0.8458333333333333
18 0.4703125 0.6375 0.303125 0.7166666666666667
19 0.7171875 0.6229166666666667 0.553125 0.7458333333333333
20 0.575 0.625 0.475 0.7416666666666667
22 0.7953125 0.7041666666666667 0.396875 0.5833333333333334
