0 0.5171875 0.60625 0.509375 0.7791666666666667
0 0.5171875 0.60625 0.509375 0.7791666666666667
2 0.63125 0.65 0.3875 0.6833333333333333
3 0.625 0.6020833333333333 0.7125 0.7875
4 0.4921875 0.7145833333333333 0.284375 0.5625
5 0.5328125 0.63125 0.396875 0.7291666666666666
6 0.6578125 0.6020833333333333 0.459375 0.7791666666666667
7 0.51875 0.6354166666666666 0.25 0.7125
0 0.5171875 0.60625 0.509375 0.7791666666666667
2 0.63125 0.65 0.3875 0.6833333333333333
3 0.625 0.6020833333333333 0.7125 0.7875
4 0.4921875 0.7145833333333333 0.284375 0.5625
5 0.5328125 0.63125 0.396875 0.7291666666666666
6 0.6578125 0.6020833333333333 0.459375 0.7791666666666667
7 0.51875 0.6354166666666666 0.25 0.7125
9 0.7140625 0.6541666666666667 0.565625 0.3333333333333333
10 0.3828125 0.63125 0.365625 0.7208333333333333
11 0.7234375 0.6229166666666667 0.546875 0.37916666666666665
12 0.66875 0.75625 0.65625 0.3125
13 0.703125 0.4270833333333333 0.5875 0.42916666666666664
14 0.6390625 0.6583333333333333 0.709375 0.5666666666666667
16 0.3703125 0.575 0.346875 0.8416666666666667
17 0.5109375 0.6958333333333333 0.353125 0.6
18 0.4578125 0.6395833333333333 0.296875 0.7125
19 0.5984375 0.6229166666666667 0.315625 0.7458333333333333
20 0.5765625 0.6104166666666667 0.453125 0.7708333333333334
21 0.6546875 0.6854166666666667 0.371875 0.6208333333333333
0 0.5171875 0.60625 0.509375 0.7791666666666667
2 0.63125 0.65 0.3875 0.6833333333333333
3 0.625 0.6020833333333333 0.7125 0.7875
4 0.4921875 0.7145833333333333 0.284375 0.5625
5 0.5328125 0.63125 0.396875 0.7291666666666666
6 0.6578125 0.6020833333333333 0.459375 0.7791666666666667
7 0.51875 0.6354166666666666 0.25 0.7125
9 0.7140625 0.6541666666666667 0.565625 0.3333333333333333
10 0.3828125 0.63125 0.365625 0.7208333333333333
11 0.7234375 0.6229166666666667 0.546875 0.37916666666666665
12 0.66875 0.75625 0.65625 0.3125
13 0.703125 0.4270833333333333 0.5875 0.42916666666666664
14 0.6390625 0.6583333333333333 0.709375 0.5666666666666667
16 0.3703125 0.575 0.346875 0.8416666666666667
17 0.5109375 0.6958333333333333 0.353125 0.6
18 0.4578125 0.6395833333333333 0.296875 0.7125
19 0.5984375 0.6229166666666667 0.315625 0.7458333333333333
20 0.5765625 0.6104166666666667 0.453125 0.7708333333333334
21 0.6546875 0.6854166666666667 0.371875 0.6208333333333333
22 0.7953125 0.70625 0.396875 0.5791666666666667
