2 0.6390625 0.6520833333333333 0.396875 0.6875
3 0.6390625 0.5979166666666667 0.709375 0.7958333333333333
4 0.4921875 0.7104166666666667 0.278125 0.5625
5 0.5359375 0.6166666666666667 0.403125 0.7583333333333333
6 0.6375 0.60625 0.48125 0.7708333333333334
7 0.5140625 0.6333333333333333 0.246875 0.7166666666666667
2 0.6390625 0.6520833333333333 0.396875 0.6875
3 0.6390625 0.5979166666666667 0.709375 0.7958333333333333
4 0.4921875 0.7104166666666667 0.278125 0.5625
5 0.5359375 0.6166666666666667 0.403125 0.7583333333333333
6 0.6375 0.60625 0.48125 0.7708333333333334
7 0.5140625 0.6333333333333333 0.246875 0.7166666666666667
10 0.3765625 0.63125 0.365625 0.7208333333333333
12 0.6734375 0.7583333333333333 0.646875 0.30833333333333335
13 0.7109375 0.45208333333333334 0.571875 0.4708333333333333
14 0.63125 0.5333333333333333 0.73125 0.5666666666666667
16 0.3953125 0.5729166666666666 0.365625 0.8458333333333333
18 0.4640625 0.6520833333333333 0.303125 0.6875
19 0.7171875 0.625 0.553125 0.7416666666666667
20 0.6734375 0.6208333333333333 0.646875 0.75
2 0.6390625 0.6520833333333333 0.396875 0.6875
3 0.6390625 0.5979166666666667 0.709375 0.7958333333333333
4 0.4921875 0.7104166666666667 0.278125 0.5625
5 0.5359375 0.6166666666666667 0.403125 0.7583333333333333
6 0.6375 0.60625 0.48125 0.7708333333333334
7 0.5140625 0.6333333333333333 0.246875 0.7166666666666667
10 0.3765625 0.63125 0.365625 0.7208333333333333
12 0.6734375 0.7583333333333333 0.646875 0.30833333333333335
13 0.7109375 0.45208333333333334 0.571875 0.4708333333333333
14 0.63125 0.5333333333333333 0.73125 0.5666666666666667
16 0.3953125 0.5729166666666666 0.365625 0.8458333333333333
18 0.4640625 0.6520833333333333 0.303125 0.6875
19 0.7171875 0.625 0.553125 0.7416666666666667
20 0.6734375 0.6208333333333333 0.646875 0.75
22 0.79375 0.7041666666666667 0.4 0.575
