2 0.646875 0.65625 0.4125 0.6791666666666667
3 0.6421875 0.6125 0.690625 0.7666666666666667
4 0.49375 0.7145833333333333 0.28125 0.5625
5 0.540625 0.6 0.4125 0.7833333333333333
6 0.6265625 0.6104166666666667 0.490625 0.7708333333333334
7 0.5171875 0.6333333333333333 0.253125 0.7166666666666667
8 0.55 0.6708333333333333 0.40625 0.65
2 0.646875 0.65625 0.4125 0.6791666666666667
3 0.6421875 0.6125 0.690625 0.7666666666666667
4 0.49375 0.7145833333333333 0.28125 0.5625
5 0.540625 0.6 0.4125 0.7833333333333333
6 0.6265625 0.6104166666666667 0.490625 0.7708333333333334
7 0.5171875 0.6333333333333333 0.253125 0.7166666666666667
8 0.55 0.6708333333333333 0.40625 0.65
10 0.4609375 0.6479166666666667 0.446875 0.6958333333333333
11 0.6859375 0.625 0.621875 0.4
14 0.6171875 0.6083333333333333 0.759375 0.65
16 0.4171875 0.5666666666666667 0.378125 0.85
17 0.528125 0.6854166666666667 0.3625 0.6208333333333333
18 0.4515625 0.65 0.296875 0.6916666666666667
19 0.7203125 0.6145833333333334 0.553125 0.7625
20 0.5734375 0.6291666666666667 0.484375 0.7333333333333333
21 0.671875 0.6729166666666667 0.35 0.6375
2 0.646875 0.65625 0.4125 0.6791666666666667
3 0.6421875 0.6125 0.690625 0.7666666666666667
4 0.49375 0.7145833333333333 0.28125 0.5625
5 0.540625 0.6 0.4125 0.7833333333333333
6 0.6265625 0.6104166666666667 0.490625 0.7708333333333334
7 0.5171875 0.6333333333333333 0.253125 0.7166666666666667
8 0.55 0.6708333333333333 0.40625 0.65
10 0.4609375 0.6479166666666667 0.446875 0.6958333333333333
11 0.6859375 0.625 0.621875 0.4
14 0.6171875 0.6083333333333333 0.759375 0.65
16 0.4171875 0.5666666666666667 0.378125 0.85
17 0.528125 0.6854166666666667 0.3625 0.6208333333333333
18 0.4515625 0.65 0.296875 0.6916666666666667
19 0.7203125 0.6145833333333334 0.553125 0.7625
20 0.5734375 0.6291666666666667 0.484375 0.7333333333333333
21 0.671875 0.6729166666666667 0.35 0.6375
22 0.740625 0.6833333333333333 0.21875 0.625
