2 0.65 0.6541666666666667 0.425 0.675
3 0.646875 0.6104166666666667 0.69375 0.7708333333333334
4 0.490625 0.7166666666666667 0.28125 0.5583333333333333
6 0.6296875 0.6083333333333333 0.484375 0.7666666666666667
7 0.51875 0.6375 0.25 0.7166666666666667
8 0.5484375 0.66875 0.403125 0.6541666666666667
2 0.65 0.6541666666666667 0.425 0.675
3 0.646875 0.6104166666666667 0.69375 0.7708333333333334
4 0.490625 0.7166666666666667 0.28125 0.5583333333333333
6 0.6296875 0.6083333333333333 0.484375 0.7666666666666667
7 0.51875 0.6375 0.25 0.7166666666666667
8 0.5484375 0.66875 0.403125 0.6541666666666667
10 0.4390625 0.6375 0.428125 0.7083333333333334
12 0.665625 0.7041666666666667 0.65625 0.3333333333333333
13 0.721875 0.4708333333333333 0.55 0.4666666666666667
14 0.6203125 0.5979166666666667 0.753125 0.6708333333333333
16 0.4078125 0.5708333333333333 0.371875 0.85
18 0.4640625 0.6416666666666667 0.296875 0.7083333333333334
19 0.7171875 0.6145833333333334 0.553125 0.7541666666666667
20 0.5703125 0.6270833333333333 0.478125 0.7375
2 0.65 0.6541666666666667 0.425 0.675
3 0.646875 0.6104166666666667 0.69375 0.7708333333333334
4 0.490625 0.7166666666666667 0.28125 0.5583333333333333
6 0.6296875 0.6083333333333333 0.484375 0.7666666666666667
7 0.51875 0.6375 0.25 0.7166666666666667
8 0.5484375 0.66875 0.403125 0.6541666666666667
10 0.4390625 0.6375 0.428125 0.7083333333333334
12 0.665625 0.7041666666666667 0.65625 0.3333333333333333
13 0.721875 0.4708333333333333 0.55 0.4666666666666667
14 0.6203125 0.5979166666666667 0.753125 0.6708333333333333
16 0.4078125 0.5708333333333333 0.371875 0.85
18 0.4640625 0.6416666666666667 0.296875 0.7083333333333334
19 0.7171875 0.6145833333333334 0.553125 0.7541666666666667
20 0.5703125 0.6270833333333333 0.478125 0.7375
22 0.8078125 0.6833333333333333 0.371875 0.625
