2 0.628125 0.6541666666666667 0.3875 0.6833333333333333
3 0.634375 0.60625 0.71875 0.7791666666666667
4 0.490625 0.71875 0.28125 0.5541666666666667
5 0.55625 0.63125 0.39375 0.7291666666666666
6 0.6609375 0.6020833333333333 0.459375 0.7791666666666667
7 0.51875 0.6333333333333333 0.25 0.7166666666666667
8 0.5171875 0.65625 0.346875 0.6791666666666667
2 0.628125 0.6541666666666667 0.3875 0.6833333333333333
3 0.634375 0.60625 0.71875 0.7791666666666667
4 0.490625 0.71875 0.28125 0.5541666666666667
5 0.55625 0.63125 0.39375 0.7291666666666666
6 0.6609375 0.6020833333333333 0.459375 0.7791666666666667
7 0.51875 0.6333333333333333 0.25 0.7166666666666667
8 0.5171875 0.65625 0.346875 0.6791666666666667
10 0.4578125 0.6354166666666666 0.421875 0.7125
13 0.6953125 0.45208333333333334 0.603125 0.42083333333333334
14 0.646875 0.7229166666666667 0.7 0.37083333333333335
16 0.384375 0.575 0.35 0.8416666666666667
17 0.509375 0.6958333333333333 0.35 0.6
18 0.4515625 0.65 0.296875 0.6833333333333333
20 0.65 0.6 0.60625 0.7833333333333333
21 0.6484375 0.6875 0.371875 0.6166666666666667
2 0.628125 0.6541666666666667 0.3875 0.6833333333333333
3 0.634375 0.60625 0.71875 0.7791666666666667
4 0.490625 0.71875 0.28125 0.5541666666666667
5 0.55625 0.63125 0.39375 0.7291666666666666
6 0.6609375 0.6020833333333333 0.459375 0.7791666666666667
7 0.51875 0.6333333333333333 0.25 0.7166666666666667
8 0.5171875 0.65625 0.346875 0.6791666666666667
10 0.4578125 0.6354166666666666 0.421875 0.7125
13 0.6953125 0.45208333333333334 0.603125 0.42083333333333334
14 0.646875 0.7229166666666667 0.7 0.37083333333333335
16 0.384375 0.575 0.35 0.8416666666666667
17 0.509375 0.6958333333333333 0.35 0.6
18 0.4515625 0.65 0.296875 0.6833333333333333
20 0.65 0.6 0.60625 0.7833333333333333
21 0.6484375 0.6875 0.371875 0.6166666666666667
22 0.7953125 0.7020833333333333 0.396875 0.5875
