2 0.628125 0.6520833333333333 0.3875 0.6791666666666667
3 0.6328125 0.60625 0.721875 0.7791666666666667
4 0.4921875 0.7145833333333333 0.284375 0.5541666666666667
5 0.54375 0.6333333333333333 0.39375 0.725
6 0.6546875 0.6041666666666666 0.453125 0.775
7 0.5171875 0.6354166666666666 0.246875 0.7208333333333333
2 0.628125 0.6520833333333333 0.3875 0.6791666666666667
3 0.6328125 0.60625 0.721875 0.7791666666666667
4 0.4921875 0.7145833333333333 0.284375 0.5541666666666667
5 0.54375 0.6333333333333333 0.39375 0.725
6 0.6546875 0.6041666666666666 0.453125 0.775
7 0.5171875 0.6354166666666666 0.246875 0.7208333333333333
9 0.7203125 0.6416666666666667 0.553125 0.3416666666666667
10 0.434375 0.6354166666666666 0.4 0.7125
11 0.7234375 0.63125 0.540625 0.37916666666666665
13 0.6953125 0.43125 0.603125 0.42916666666666664
14 0.64375 0.6625 0.70625 0.4166666666666667
16 0.375 0.575 0.35 0.8416666666666667
17 0.5109375 0.69375 0.346875 0.6041666666666666
18 0.453125 0.6604166666666667 0.29375 0.6708333333333333
19 0.7109375 0.63125 0.565625 0.7291666666666666
20 0.6625 0.6020833333333333 0.63125 0.7791666666666667
21 0.6484375 0.6854166666666667 0.371875 0.6208333333333333
2 0.628125 0.6520833333333333 0.3875 0.6791666666666667
3 0.6328125 0.60625 0.721875 0.7791666666666667
4 0.4921875 0.7145833333333333 0.284375 0.5541666666666667
5 0.54375 0.6333333333333333 0.39375 0.725
6 0.6546875 0.6041666666666666 0.453125 0.775
7 0.5171875 0.6354166666666666 0.246875 0.7208333333333333
9 0.7203125 0.6416666666666667 0.553125 0.3416666666666667
10 0.434375 0.6354166666666666 0.4 0.7125
11 0.7234375 0.63125 0.540625 0.37916666666666665
13 0.6953125 0.43125 0.603125 0.42916666666666664
14 0.64375 0.6625 0.70625 0.4166666666666667
16 0.375 0.575 0.35 0.8416666666666667
17 0.5109375 0.69375 0.346875 0.6041666666666666
18 0.453125 0.6604166666666667 0.29375 0.6708333333333333
19 0.7109375 0.63125 0.565625 0.7291666666666666
20 0.6625 0.6020833333333333 0.63125 0.7791666666666667
21 0.6484375 0.6854166666666667 0.371875 0.6208333333333333
22 0.796875 0.70625 0.4 0.5791666666666667
