2 0.6328125 0.6520833333333333 0.390625 0.6875
3 0.634375 0.5916666666666667 0.71875 0.8
4 0.5 0.7125 0.2875 0.5666666666666667
6 0.653125 0.6 0.46875 0.7833333333333333
7 0.5203125 0.6333333333333333 0.246875 0.7166666666666667
2 0.6328125 0.6520833333333333 0.390625 0.6875
3 0.634375 0.5916666666666667 0.71875 0.8
4 0.5 0.7125 0.2875 0.5666666666666667
6 0.653125 0.6 0.46875 0.7833333333333333
7 0.5203125 0.6333333333333333 0.246875 0.7166666666666667
10 0.375 0.6354166666666666 0.34375 0.7208333333333333
12 0.671875 0.7625 0.65 0.30833333333333335
14 0.6359375 0.5708333333333333 0.721875 0.5416666666666666
16 0.3859375 0.575 0.353125 0.8416666666666667
18 0.45625 0.6416666666666667 0.3 0.7083333333333334
19 0.5984375 0.6208333333333333 0.315625 0.75
20 0.6734375 0.6125 0.646875 0.7666666666666667
21 0.65625 0.6875 0.3625 0.6166666666666667
2 0.6328125 0.6520833333333333 0.390625 0.6875
3 0.634375 0.5916666666666667 0.71875 0.8
4 0.5 0.7125 0.2875 0.5666666666666667
6 0.653125 0.6 0.46875 0.7833333333333333
7 0.5203125 0.6333333333333333 0.246875 0.7166666666666667
10 0.375 0.6354166666666666 0.34375 0.7208333333333333
12 0.671875 0.7625 0.65 0.30833333333333335
14 0.6359375 0.5708333333333333 0.721875 0.5416666666666666
16 0.3859375 0.575 0.353125 0.8416666666666667
18 0.45625 0.6416666666666667 0.3 0.7083333333333334
19 0.5984375 0.6208333333333333 0.315625 0.75
20 0.6734375 0.6125 0.646875 0.7666666666666667
21 0.65625 0.6875 0.3625 0.6166666666666667
22 0.7125 0.70625 0.225 0.5791666666666667
