2 0.628125 0.6479166666666667 0.3875 0.6875
3 0.63125 0.60625 0.71875 0.7791666666666667
5 0.5640625 0.63125 0.396875 0.7291666666666666
6 0.6609375 0.5979166666666667 0.453125 0.7958333333333333
7 0.51875 0.6333333333333333 0.25 0.7166666666666667
8 0.4953125 0.6541666666666667 0.334375 0.6833333333333333
2 0.628125 0.6479166666666667 0.3875 0.6875
3 0.63125 0.60625 0.71875 0.7791666666666667
5 0.5640625 0.63125 0.396875 0.7291666666666666
6 0.6609375 0.5979166666666667 0.453125 0.7958333333333333
7 0.51875 0.6333333333333333 0.25 0.7166666666666667
8 0.4953125 0.6541666666666667 0.334375 0.6833333333333333
10 0.490625 0.64375 0.425 0.7041666666666667
13 0.69375 0.4666666666666667 0.6 0.4083333333333333
14 0.6453125 0.73125 0.703125 0.3458333333333333
16 0.3828125 0.58125 0.346875 0.8208333333333333
18 0.446875 0.6583333333333333 0.29375 0.675
20 0.5765625 0.6041666666666666 0.459375 0.7833333333333333
21 0.646875 0.6854166666666667 0.36875 0.6208333333333333
2 0.628125 0.6479166666666667 0.3875 0.6875
3 0.63125 0.60625 0.71875 0.7791666666666667
5 0.5640625 0.63125 0.396875 0.7291666666666666
6 0.6609375 0.5979166666666667 0.453125 0.7958333333333333
7 0.51875 0.6333333333333333 0.25 0.7166666666666667
8 0.4953125 0.6541666666666667 0.334375 0.6833333333333333
10 0.490625 0.64375 0.425 0.7041666666666667
13 0.69375 0.4666666666666667 0.6 0.4083333333333333
14 0.6453125 0.73125 0.703125 0.3458333333333333
16 0.3828125 0.58125 0.346875 0.8208333333333333
18 0.446875 0.6583333333333333 0.29375 0.675
20 0.5765625 0.6041666666666666 0.459375 0.7833333333333333
21 0.646875 0.6854166666666667 0.36875 0.6208333333333333
22 0.7171875 0.6979166666666666 0.221875 0.5958333333333333
