2 0.6609375 0.65625 0.434375 0.6791666666666667
3 0.6390625 0.6145833333333334 0.684375 0.7625
4 0.4953125 0.7125 0.284375 0.5666666666666667
5 0.5421875 0.5916666666666667 0.409375 0.8
6 0.6125 0.6041666666666666 0.4875 0.775
7 0.5203125 0.6333333333333333 0.253125 0.7166666666666667
2 0.6609375 0.65625 0.434375 0.6791666666666667
3 0.6390625 0.6145833333333334 0.684375 0.7625
4 0.4953125 0.7125 0.284375 0.5666666666666667
5 0.5421875 0.5916666666666667 0.409375 0.8
6 0.6125 0.6041666666666666 0.4875 0.775
7 0.5203125 0.6333333333333333 0.253125 0.7166666666666667
9 0.7359375 0.6333333333333333 0.521875 0.3416666666666667
10 0.46875 0.6520833333333333 0.45625 0.6791666666666667
11 0.6796875 0.63125 0.634375 0.4125
13 0.715625 0.4875 0.5625 0.43333333333333335
14 0.6125 0.6083333333333333 0.76875 0.5916666666666667
16 0.43125 0.56875 0.38125 0.8541666666666666
17 0.5296875 0.6875 0.365625 0.6166666666666667
18 0.4484375 0.7083333333333334 0.303125 0.575
19 0.7171875 0.6125 0.553125 0.7666666666666667
20 0.5734375 0.6270833333333333 0.471875 0.7375
2 0.6609375 0.65625 0.434375 0.6791666666666667
3 0.6390625 0.6145833333333334 0.684375 0.7625
4 0.4953125 0.7125 0.284375 0.5666666666666667
5 0.5421875 0.5916666666666667 0.409375 0.8
6 0.6125 0.6041666666666666 0.4875 0.775
7 0.5203125 0.6333333333333333 0.253125 0.7166666666666667
9 0.7359375 0.6333333333333333 0.521875 0.3416666666666667
10 0.46875 0.6520833333333333 0.45625 0.6791666666666667
11 0.6796875 0.63125 0.634375 0.4125
13 0.715625 0.4875 0.5625 0.43333333333333335
14 0.6125 0.6083333333333333 0.76875 0.5916666666666667
16 0.43125 0.56875 0.38125 0.8541666666666666
17 0.5296875 0.6875 0.365625 0.6166666666666667
18 0.4484375 0.7083333333333334 0.303125 0.575
19 0.7171875 0.6125 0.553125 0.7666666666666667
20 0.5734375 0.6270833333333333 0.471875 0.7375
22 0.815625 0.6875 0.3625 0.6083333333333333
