2 0.665625 0.6395833333333333 0.4375 0.7125
3 0.64375 0.5958333333333333 0.68125 0.8
4 0.5140625 0.7083333333333334 0.290625 0.575
5 0.5390625 0.59375 0.415625 0.7958333333333333
6 0.5140625 0.5729166666666666 0.465625 0.8458333333333333
7 0.528125 0.6291666666666667 0.2375 0.725
8 0.5015625 0.6479166666666667 0.334375 0.6958333333333333
2 0.665625 0.6395833333333333 0.4375 0.7125
3 0.64375 0.5958333333333333 0.68125 0.8
4 0.5140625 0.7083333333333334 0.290625 0.575
5 0.5390625 0.59375 0.415625 0.7958333333333333
6 0.5140625 0.5729166666666666 0.465625 0.8458333333333333
7 0.528125 0.6291666666666667 0.2375 0.725
8 0.5015625 0.6479166666666667 0.334375 0.6958333333333333
10 0.5171875 0.69375 0.503125 0.6041666666666666
13 0.7171875 0.43333333333333335 0.559375 0.45
14 0.61875 0.6020833333333333 0.75625 0.5541666666666667
16 0.5140625 0.6229166666666667 0.328125 0.7375
17 0.534375 0.66875 0.36875 0.6541666666666667
18 0.4859375 0.6395833333333333 0.290625 0.7125
19 0.71875 0.6104166666666667 0.55625 0.7708333333333334
20 0.6296875 0.625 0.540625 0.7333333333333333
21 0.6734375 0.6729166666666667 0.346875 0.6458333333333334
2 0.665625 0.6395833333333333 0.4375 0.7125
3 0.64375 0.5958333333333333 0.68125 0.8
4 0.5140625 0.7083333333333334 0.290625 0.575
5 0.5390625 0.59375 0.415625 0.7958333333333333
6 0.5140625 0.5729166666666666 0.465625 0.8458333333333333
7 0.528125 0.6291666666666667 0.2375 0.725
8 0.5015625 0.6479166666666667 0.334375 0.6958333333333333
10 0.5171875 0.69375 0.503125 0.6041666666666666
13 0.7171875 0.43333333333333335 0.559375 0.45
14 0.61875 0.6020833333333333 0.75625 0.5541666666666667
16 0.5140625 0.6229166666666667 0.328125 0.7375
17 0.534375 0.66875 0.36875 0.6541666666666667
18 0.4859375 0.6395833333333333 0.290625 0.7125
19 0.71875 0.6104166666666667 0.55625 0.7708333333333334
20 0.6296875 0.625 0.540625 0.7333333333333333
21 0.6734375 0.6729166666666667 0.346875 0.6458333333333334
22 0.815625 0.68125 0.3625 0.6291666666666667
