0 0.5328125 0.60625 0.521875 0.7791666666666667
0 0.5328125 0.60625 0.521875 0.7791666666666667
2 0.6671875 0.6333333333333333 0.434375 0.7166666666666667
3 0.6484375 0.59375 0.678125 0.8041666666666667
4 0.51875 0.7083333333333334 0.2875 0.575
5 0.5390625 0.5895833333333333 0.415625 0.8041666666666667
6 0.5109375 0.56875 0.471875 0.8541666666666666
7 0.528125 0.6333333333333333 0.24375 0.725
8 0.4890625 0.65 0.321875 0.6916666666666667
0 0.5328125 0.60625 0.521875 0.7791666666666667
2 0.6671875 0.6333333333333333 0.434375 0.7166666666666667
3 0.6484375 0.59375 0.678125 0.8041666666666667
4 0.51875 0.7083333333333334 0.2875 0.575
5 0.5390625 0.5895833333333333 0.415625 0.8041666666666667
6 0.5109375 0.56875 0.471875 0.8541666666666666
7 0.528125 0.6333333333333333 0.24375 0.725
8 0.4890625 0.65 0.321875 0.6916666666666667
10 0.5171875 0.6729166666666667 0.471875 0.6458333333333334
13 0.71875 0.4354166666666667 0.55625 0.45416666666666666
14 0.6203125 0.6104166666666667 0.753125 0.5708333333333333
16 0.5265625 0.6458333333333334 0.315625 0.7
17 0.5421875 0.6875 0.378125 0.6166666666666667
18 0.49375 0.6541666666666667 0.29375 0.6833333333333333
19 0.71875 0.6125 0.55625 0.7666666666666667
20 0.5921875 0.6229166666666667 0.478125 0.7375
21 0.678125 0.6666666666666666 0.35 0.65
0 0.5328125 0.60625 0.521875 0.7791666666666667
2 0.6671875 0.6333333333333333 0.434375 0.7166666666666667
3 0.6484375 0.59375 0.678125 0.8041666666666667
4 0.51875 0.7083333333333334 0.2875 0.575
5 0.5390625 0.5895833333333333 0.415625 0.8041666666666667
6 0.5109375 0.56875 0.471875 0.8541666666666666
7 0.528125 0.6333333333333333 0.24375 0.725
8 0.4890625 0.65 0.321875 0.6916666666666667
10 0.5171875 0.6729166666666667 0.471875 0.6458333333333334
13 0.71875 0.4354166666666667 0.55625 0.45416666666666666
14 0.6203125 0.6104166666666667 0.753125 0.5708333333333333
16 0.5265625 0.6458333333333334 0.315625 0.7
17 0.5421875 0.6875 0.378125 0.6166666666666667
18 0.49375 0.6541666666666667 0.29375 0.6833333333333333
19 0.71875 0.6125 0.55625 0.7666666666666667
20 0.5921875 0.6229166666666667 0.478125 0.7375
21 0.678125 0.6666666666666666 0.35 0.65
22 0.74375 0.68125 0.225 0.6208333333333333
