0 0.521875 0.6104166666666667 0.525 0.7625
0 0.521875 0.6104166666666667 0.525 0.7625
2 0.6625 0.6333333333333333 0.45 0.7166666666666667
3 0.6484375 0.6041666666666666 0.671875 0.7833333333333333
4 0.5421875 0.70625 0.284375 0.5791666666666667
5 0.5328125 0.59375 0.421875 0.8041666666666667
6 0.46875 0.5645833333333333 0.45 0.8625
7 0.5296875 0.63125 0.240625 0.7208333333333333
8 0.4703125 0.6520833333333333 0.328125 0.6791666666666667
0 0.521875 0.6104166666666667 0.525 0.7625
2 0.6625 0.6333333333333333 0.45 0.7166666666666667
3 0.6484375 0.6041666666666666 0.671875 0.7833333333333333
4 0.5421875 0.70625 0.284375 0.5791666666666667
5 0.5328125 0.59375 0.421875 0.8041666666666667
6 0.46875 0.5645833333333333 0.45 0.8625
7 0.5296875 0.63125 0.240625 0.7208333333333333
8 0.4703125 0.6520833333333333 0.328125 0.6791666666666667
9 0.7328125 0.6229166666666667 0.528125 0.3125
10 0.425 0.63125 0.4125 0.7208333333333333
13 0.71875 0.42916666666666664 0.55625 0.44166666666666665
14 0.603125 0.5625 0.7875 0.6
16 0.525 0.6625 0.2875 0.6666666666666666
17 0.546875 0.6916666666666667 0.38125 0.6083333333333333
18 0.496875 0.6583333333333333 0.3 0.675
19 0.7203125 0.6083333333333333 0.553125 0.775
20 0.671875 0.6291666666666667 0.65 0.725
21 0.7109375 0.6625 0.390625 0.6583333333333333
0 0.521875 0.6104166666666667 0.525 0.7625
2 0.6625 0.6333333333333333 0.45 0.7166666666666667
3 0.6484375 0.6041666666666666 0.671875 0.7833333333333333
4 0.5421875 0.70625 0.284375 0.5791666666666667
5 0.5328125 0.59375 0.421875 0.8041666666666667
6 0.46875 0.5645833333333333 0.45 0.8625
7 0.5296875 0.63125 0.240625 0.7208333333333333
8 0.4703125 0.6520833333333333 0.328125 0.6791666666666667
9 0.7328125 0.6229166666666667 0.528125 0.3125
10 0.425 0.63125 0.4125 0.7208333333333333
13 0.71875 0.42916666666666664 0.55625 0.44166666666666665
14 0.603125 0.5625 0.7875 0.6
16 0.525 0.6625 0.2875 0.6666666666666666
17 0.546875 0.6916666666666667 0.38125 0.6083333333333333
18 0.496875 0.6583333333333333 0.3 0.675
19 0.7203125 0.6083333333333333 0.553125 0.775
20 0.671875 0.6291666666666667 0.65 0.725
21 0.7109375 0.6625 0.390625 0.6583333333333333
22 0.71875 0.6854166666666667 0.225 0.6208333333333333
