0 0.540625 0.6 0.525 0.7916666666666666
0 0.540625 0.6 0.525 0.7916666666666666
2 0.6703125 0.6395833333333333 0.440625 0.7041666666666667
3 0.646875 0.60625 0.69375 0.7791666666666667
4 0.509375 0.70625 0.29375 0.5791666666666667
5 0.5390625 0.6020833333333333 0.415625 0.7875
6 0.5578125 0.575 0.509375 0.8416666666666667
7 0.5265625 0.6291666666666667 0.240625 0.725
0 0.540625 0.6 0.525 0.7916666666666666
2 0.6703125 0.6395833333333333 0.440625 0.7041666666666667
3 0.646875 0.60625 0.69375 0.7791666666666667
4 0.509375 0.70625 0.29375 0.5791666666666667
5 0.5390625 0.6020833333333333 0.415625 0.7875
6 0.5578125 0.575 0.509375 0.8416666666666667
7 0.5265625 0.6291666666666667 0.240625 0.725
13 0.7140625 0.4354166666666667 0.565625 0.44583333333333336
14 0.6140625 0.6354166666666666 0.765625 0.6041666666666666
16 0.4953125 0.60625 0.340625 0.7708333333333334
17 0.53125 0.66875 0.36875 0.6458333333333334
18 0.4640625 0.6729166666666667 0.290625 0.6458333333333334
19 0.71875 0.60625 0.55625 0.7791666666666667
20 0.5875 0.6229166666666667 0.46875 0.7375
21 0.675 0.6729166666666667 0.35 0.6458333333333334
0 0.540625 0.6 0.525 0.7916666666666666
2 0.6703125 0.6395833333333333 0.440625 0.7041666666666667
3 0.646875 0.60625 0.69375 0.7791666666666667
4 0.509375 0.70625 0.29375 0.5791666666666667
5 0.5390625 0.6020833333333333 0.415625 0.7875
6 0.5578125 0.575 0.509375 0.8416666666666667
7 0.5265625 0.6291666666666667 0.240625 0.725
13 0.7140625 0.4354166666666667 0.565625 0.44583333333333336
14 0.6140625 0.6354166666666666 0.765625 0.6041666666666666
16 0.4953125 0.60625 0.340625 0.7708333333333334
17 0.53125 0.66875 0.36875 0.6458333333333334
18 0.4640625 0.6729166666666667 0.290625 0.6458333333333334
19 0.71875 0.60625 0.55625 0.7791666666666667
20 0.5875 0.6229166666666667 0.46875 0.7375
21 0.675 0.6729166666666667 0.35 0.6458333333333334
22 0.8171875 0.6854166666666667 0.359375 0.6208333333333333
