2 0.659375 0.6541666666666667 0.43125 0.6833333333333333
3 0.640625 0.6125 0.675 0.7666666666666667
4 0.5 0.7104166666666667 0.2875 0.5708333333333333
6 0.6015625 0.5958333333333333 0.490625 0.7916666666666666
7 0.5171875 0.6333333333333333 0.253125 0.7166666666666667
8 0.5375 0.6625 0.39375 0.6583333333333333
2 0.659375 0.6541666666666667 0.43125 0.6833333333333333
3 0.640625 0.6125 0.675 0.7666666666666667
4 0.5 0.7104166666666667 0.2875 0.5708333333333333
6 0.6015625 0.5958333333333333 0.490625 0.7916666666666666
7 0.5171875 0.6333333333333333 0.253125 0.7166666666666667
8 0.5375 0.6625 0.39375 0.6583333333333333
10 0.478125 0.65625 0.4625 0.6708333333333333
13 0.7109375 0.4625 0.571875 0.425
14 0.6109375 0.6020833333333333 0.771875 0.5375
16 0.44375 0.56875 0.3875 0.8541666666666666
17 0.5328125 0.6875 0.359375 0.6166666666666667
18 0.4421875 0.6604166666666667 0.303125 0.6708333333333333
19 0.7203125 0.6083333333333333 0.553125 0.7666666666666667
20 0.578125 0.6229166666666667 0.46875 0.7375
21 0.6765625 0.6770833333333334 0.346875 0.6375
2 0.659375 0.6541666666666667 0.43125 0.6833333333333333
3 0.640625 0.6125 0.675 0.7666666666666667
4 0.5 0.7104166666666667 0.2875 0.5708333333333333
6 0.6015625 0.5958333333333333 0.490625 0.7916666666666666
7 0.5171875 0.6333333333333333 0.253125 0.7166666666666667
8 0.5375 0.6625 0.39375 0.6583333333333333
10 0.478125 0.65625 0.4625 0.6708333333333333
13 0.7109375 0.4625 0.571875 0.425
14 0.6109375 0.6020833333333333 0.771875 0.5375
16 0.44375 0.56875 0.3875 0.8541666666666666
17 0.5328125 0.6875 0.359375 0.6166666666666667
18 0.4421875 0.6604166666666667 0.303125 0.6708333333333333
19 0.7203125 0.6083333333333333 0.553125 0.7666666666666667
20 0.578125 0.6229166666666667 0.46875 0.7375
21 0.6765625 0.6770833333333334 0.346875 0.6375
22 0.8171875 0.6916666666666667 0.359375 0.6083333333333333
