2 0.6671875 0.65 0.440625 0.6833333333333333
3 0.6484375 0.60625 0.696875 0.7791666666666667
4 0.509375 0.70625 0.2875 0.5791666666666667
5 0.5359375 0.5958333333333333 0.415625 0.7916666666666666
6 0.5578125 0.5791666666666667 0.471875 0.8333333333333334
7 0.5234375 0.6333333333333333 0.240625 0.725
2 0.6671875 0.65 0.440625 0.6833333333333333
3 0.6484375 0.60625 0.696875 0.7791666666666667
4 0.509375 0.70625 0.2875 0.5791666666666667
5 0.5359375 0.5958333333333333 0.415625 0.7916666666666666
6 0.5578125 0.5791666666666667 0.471875 0.8333333333333334
7 0.5234375 0.6333333333333333 0.240625 0.725
10 0.5234375 0.6854166666666667 0.478125 0.6208333333333333
13 0.7140625 0.4395833333333333 0.565625 0.4375
14 0.6171875 0.60625 0.759375 0.5458333333333333
16 0.475 0.5895833333333333 0.3625 0.8041666666666667
17 0.5375 0.66875 0.36875 0.6541666666666667
18 0.4484375 0.6583333333333333 0.296875 0.675
19 0.7171875 0.6104166666666667 0.559375 0.7708333333333334
20 0.5828125 0.6229166666666667 0.459375 0.7375
21 0.675 0.6729166666666667 0.35 0.6458333333333334
2 0.6671875 0.65 0.440625 0.6833333333333333
3 0.6484375 0.60625 0.696875 0.7791666666666667
4 0.509375 0.70625 0.2875 0.5791666666666667
5 0.5359375 0.5958333333333333 0.415625 0.7916666666666666
6 0.5578125 0.5791666666666667 0.471875 0.8333333333333334
7 0.5234375 0.6333333333333333 0.240625 0.725
10 0.5234375 0.6854166666666667 0.478125 0.6208333333333333
13 0.7140625 0.4395833333333333 0.565625 0.4375
14 0.6171875 0.60625 0.759375 0.5458333333333333
16 0.475 0.5895833333333333 0.3625 0.8041666666666667
17 0.5375 0.66875 0.36875 0.6541666666666667
18 0.4484375 0.6583333333333333 0.296875 0.675
19 0.7171875 0.6104166666666667 0.559375 0.7708333333333334
20 0.5828125 0.6229166666666667 0.459375 0.7375
21 0.675 0.6729166666666667 0.35 0.6458333333333334
22 0.8125 0.6854166666666667 0.3625 0.6208333333333333
