2 0.6703125 0.65 0.434375 0.6833333333333333
3 0.6484375 0.6083333333333333 0.690625 0.7666666666666667
4 0.5015625 0.70625 0.290625 0.5708333333333333
6 0.59375 0.5854166666666667 0.5125 0.8208333333333333
7 0.521875 0.6333333333333333 0.25 0.7166666666666667
2 0.6703125 0.65 0.434375 0.6833333333333333
3 0.6484375 0.6083333333333333 0.690625 0.7666666666666667
4 0.5015625 0.70625 0.290625 0.5708333333333333
6 0.59375 0.5854166666666667 0.5125 0.8208333333333333
7 0.521875 0.6333333333333333 0.25 0.7166666666666667
9 0.70625 0.5479166666666667 0.58125 0.42083333333333334
10 0.5015625 0.6604166666666667 0.471875 0.6625
13 0.7140625 0.4479166666666667 0.565625 0.4375
14 0.6125 0.6104166666666667 0.76875 0.5375
16 0.459375 0.5708333333333333 0.38125 0.85
18 0.434375 0.6583333333333333 0.3125 0.6666666666666666
19 0.71875 0.6104166666666667 0.55625 0.7708333333333334
20 0.5984375 0.6229166666666667 0.496875 0.7458333333333333
21 0.6734375 0.675 0.353125 0.6416666666666667
2 0.6703125 0.65 0.434375 0.6833333333333333
3 0.6484375 0.6083333333333333 0.690625 0.7666666666666667
4 0.5015625 0.70625 0.290625 0.5708333333333333
6 0.59375 0.5854166666666667 0.5125 0.8208333333333333
7 0.521875 0.6333333333333333 0.25 0.7166666666666667
9 0.70625 0.5479166666666667 0.58125 0.42083333333333334
10 0.5015625 0.6604166666666667 0.471875 0.6625
13 0.7140625 0.4479166666666667 0.565625 0.4375
14 0.6125 0.6104166666666667 0.76875 0.5375
16 0.459375 0.5708333333333333 0.38125 0.85
18 0.434375 0.6583333333333333 0.3125 0.6666666666666666
19 0.71875 0.6104166666666667 0.55625 0.7708333333333334
20 0.5984375 0.6229166666666667 0.496875 0.7458333333333333
21 0.6734375 0.675 0.353125 0.6416666666666667
22 0.8140625 0.6895833333333333 0.365625 0.6125
