2 0.66875 0.63125 0.4375 0.7208333333333333
3 0.646875 0.5895833333333333 0.66875 0.8125
4 0.5296875 0.7020833333333333 0.296875 0.5875
5 0.5390625 0.5895833333333333 0.415625 0.8125
6 0.503125 0.5604166666666667 0.48125 0.8708333333333333
7 0.53125 0.63125 0.24375 0.7208333333333333
8 0.48125 0.6458333333333334 0.3125 0.6916666666666667
2 0.66875 0.63125 0.4375 0.7208333333333333
3 0.646875 0.5895833333333333 0.66875 0.8125
4 0.5296875 0.7020833333333333 0.296875 0.5875
5 0.5390625 0.5895833333333333 0.415625 0.8125
6 0.503125 0.5604166666666667 0.48125 0.8708333333333333
7 0.53125 0.63125 0.24375 0.7208333333333333
8 0.48125 0.6458333333333334 0.3125 0.6916666666666667
10 0.4828125 0.6520833333333333 0.446875 0.6875
13 0.71875 0.43333333333333335 0.55625 0.45
14 0.6125 0.6166666666666667 0.76875 0.6166666666666667
16 0.51875 0.6583333333333333 0.30625 0.6666666666666666
17 0.5453125 0.6895833333333333 0.378125 0.6125
18 0.5 0.6333333333333333 0.29375 0.725
19 0.7171875 0.6083333333333333 0.553125 0.7666666666666667
20 0.66875 0.63125 0.65625 0.7291666666666666
21 0.7578125 0.6666666666666666 0.478125 0.6583333333333333
2 0.66875 0.63125 0.4375 0.7208333333333333
3 0.646875 0.5895833333333333 0.66875 0.8125
4 0.5296875 0.7020833333333333 0.296875 0.5875
5 0.5390625 0.5895833333333333 0.415625 0.8125
6 0.503125 0.5604166666666667 0.48125 0.8708333333333333
7 0.53125 0.63125 0.24375 0.7208333333333333
8 0.48125 0.6458333333333334 0.3125 0.6916666666666667
10 0.4828125 0.6520833333333333 0.446875 0.6875
13 0.71875 0.43333333333333335 0.55625 0.45
14 0.6125 0.6166666666666667 0.76875 0.6166666666666667
16 0.51875 0.6583333333333333 0.30625 0.6666666666666666
17 0.5453125 0.6895833333333333 0.378125 0.6125
18 0.5 0.6333333333333333 0.29375 0.725
19 0.7171875 0.6083333333333333 0.553125 0.7666666666666667
20 0.66875 0.63125 0.65625 0.7291666666666666
21 0.7578125 0.6666666666666666 0.478125 0.6583333333333333
22 0.7390625 0.6854166666666667 0.221875 0.6208333333333333
