1 0.5359375 0.5541666666666667 0.303125 0.875
2 0.6609375 0.6291666666666667 0.428125 0.725
3 0.65 0.5916666666666667 0.675 0.8083333333333333
4 0.540625 0.7020833333333333 0.2875 0.5875
6 0.475 0.5583333333333333 0.45 0.875
7 0.5328125 0.6354166666666666 0.240625 0.7208333333333333
8 0.4796875 0.65 0.321875 0.6833333333333333
1 0.5359375 0.5541666666666667 0.303125 0.875
2 0.6609375 0.6291666666666667 0.428125 0.725
3 0.65 0.5916666666666667 0.675 0.8083333333333333
4 0.540625 0.7020833333333333 0.2875 0.5875
6 0.475 0.5583333333333333 0.45 0.875
7 0.5328125 0.6354166666666666 0.240625 0.7208333333333333
8 0.4796875 0.65 0.321875 0.6833333333333333
9 0.7234375 0.6291666666666667 0.546875 0.3
10 0.45625 0.6375 0.425 0.7083333333333334
13 0.7203125 0.42916666666666664 0.553125 0.44166666666666665
14 0.6125 0.6 0.76875 0.6333333333333333
16 0.5171875 0.6666666666666666 0.290625 0.6583333333333333
17 0.54375 0.6916666666666667 0.38125 0.6083333333333333
18 0.5015625 0.63125 0.296875 0.7291666666666666
19 0.7171875 0.6083333333333333 0.553125 0.775
20 0.6703125 0.625 0.653125 0.7416666666666667
21 0.68125 0.6625 0.33125 0.6583333333333333
1 0.5359375 0.5541666666666667 0.303125 0.875
2 0.6609375 0.6291666666666667 0.428125 0.725
3 0.65 0.5916666666666667 0.675 0.8083333333333333
4 0.540625 0.7020833333333333 0.2875 0.5875
6 0.475 0.5583333333333333 0.45 0.875
7 0.5328125 0.6354166666666666 0.240625 0.7208333333333333
8 0.4796875 0.65 0.321875 0.6833333333333333
9 0.7234375 0.6291666666666667 0.546875 0.3
10 0.45625 0.6375 0.425 0.7083333333333334
13 0.7203125 0.42916666666666664 0.553125 0.44166666666666665
14 0.6125 0.6 0.76875 0.6333333333333333
16 0.5171875 0.6666666666666666 0.290625 0.6583333333333333
17 0.54375 0.6916666666666667 0.38125 0.6083333333333333
18 0.5015625 0.63125 0.296875 0.7291666666666666
19 0.7171875 0.6083333333333333 0.553125 0.775
20 0.6703125 0.625 0.653125 0.7416666666666667
21 0.68125 0.6625 0.33125 0.6583333333333333
22 0.73125 0.6854166666666667 0.225 0.6208333333333333
