0 0.53125 0.5916666666666667 0.5375 0.8083333333333333
0 0.53125 0.5916666666666667 0.5375 0.8083333333333333
2 0.6609375 0.6375 0.453125 0.7083333333333334
3 0.64375 0.6145833333333334 0.6875 0.7625
4 0.54375 0.70625 0.28125 0.5791666666666667
6 0.4640625 0.5729166666666666 0.446875 0.8375
7 0.525 0.6333333333333333 0.24375 0.7166666666666667
8 0.46875 0.65625 0.3375 0.6708333333333333
0 0.53125 0.5916666666666667 0.5375 0.8083333333333333
2 0.6609375 0.6375 0.453125 0.7083333333333334
3 0.64375 0.6145833333333334 0.6875 0.7625
4 0.54375 0.70625 0.28125 0.5791666666666667
6 0.4640625 0.5729166666666666 0.446875 0.8375
7 0.525 0.6333333333333333 0.24375 0.7166666666666667
8 0.46875 0.65625 0.3375 0.6708333333333333
10 0.396875 0.6333333333333333 0.41875 0.725
13 0.71875 0.43125 0.55625 0.44583333333333336
14 0.603125 0.5791666666666667 0.7875 0.6333333333333333
16 0.534375 0.6541666666666667 0.2875 0.6833333333333333
17 0.546875 0.6895833333333333 0.38125 0.6125
18 0.4640625 0.6479166666666667 0.303125 0.6875
19 0.7203125 0.6083333333333333 0.553125 0.775
20 0.6765625 0.6270833333333333 0.640625 0.7375
21 0.7578125 0.6604166666666667 0.478125 0.6625
0 0.53125 0.5916666666666667 0.5375 0.8083333333333333
2 0.6609375 0.6375 0.453125 0.7083333333333334
3 0.64375 0.6145833333333334 0.6875 0.7625
4 0.54375 0.70625 0.28125 0.5791666666666667
6 0.4640625 0.5729166666666666 0.446875 0.8375
7 0.525 0.6333333333333333 0.24375 0.7166666666666667
8 0.46875 0.65625 0.3375 0.6708333333333333
10 0.396875 0.6333333333333333 0.41875 0.725
13 0.71875 0.43125 0.55625 0.44583333333333336
14 0.603125 0.5791666666666667 0.7875 0.6333333333333333
16 0.534375 0.6541666666666667 0.2875 0.6833333333333333
17 0.546875 0.6895833333333333 0.38125 0.6125
18 0.4640625 0.6479166666666667 0.303125 0.6875
19 0.7203125 0.6083333333333333 0.553125 0.775
20 0.6765625 0.6270833333333333 0.640625 0.7375
21 0.7578125 0.6604166666666667 0.478125 0.6625
22 0.690625 0.6708333333333333 0.2375 0.6416666666666667
