1 0.546875 0.5666666666666667 0.35 0.8583333333333333
3 0.634375 0.5854166666666667 0.71875 0.8208333333333333
5 0.55 0.5833333333333334 0.4375 0.8166666666666667
6 0.4796875 0.5791666666666667 0.440625 0.825
8 0.6390625 0.6416666666666667 0.396875 0.7083333333333334
1 0.546875 0.5666666666666667 0.35 0.8583333333333333
3 0.634375 0.5854166666666667 0.71875 0.8208333333333333
5 0.55 0.5833333333333334 0.4375 0.8166666666666667
6 0.4796875 0.5791666666666667 0.440625 0.825
8 0.6390625 0.6416666666666667 0.396875 0.7083333333333334
10 0.4546875 0.6354166666666666 0.421875 0.7208333333333333
13 0.71875 0.41875 0.55625 0.44583333333333336
14 0.64375 0.61875 0.70625 0.5291666666666667
16 0.496875 0.5958333333333333 0.275 0.8
17 0.540625 0.6895833333333333 0.35625 0.6125
18 0.4171875 0.68125 0.303125 0.6291666666666667
19 0.7296875 0.6104166666666667 0.534375 0.7708333333333334
20 0.6640625 0.63125 0.653125 0.7208333333333333
1 0.546875 0.5666666666666667 0.35 0.8583333333333333
3 0.634375 0.5854166666666667 0.71875 0.8208333333333333
5 0.55 0.5833333333333334 0.4375 0.8166666666666667
6 0.4796875 0.5791666666666667 0.440625 0.825
8 0.6390625 0.6416666666666667 0.396875 0.7083333333333334
10 0.4546875 0.6354166666666666 0.421875 0.7208333333333333
13 0.71875 0.41875 0.55625 0.44583333333333336
14 0.64375 0.61875 0.70625 0.5291666666666667
16 0.496875 0.5958333333333333 0.275 0.8
17 0.540625 0.6895833333333333 0.35625 0.6125
18 0.4171875 0.68125 0.303125 0.6291666666666667
19 0.7296875 0.6104166666666667 0.534375 0.7708333333333334
20 0.6640625 0.63125 0.653125 0.7208333333333333
22 0.6625 0.5958333333333333 0.275 0.8
