1 0.5390625 0.5625 0.346875 0.8583333333333333
2 0.6578125 0.6333333333333333 0.453125 0.7166666666666667
3 0.6421875 0.6270833333333333 0.684375 0.7375
4 0.5421875 0.7020833333333333 0.284375 0.5875
5 0.5515625 0.5875 0.428125 0.8166666666666667
6 0.475 0.575 0.44375 0.8333333333333334
7 0.503125 0.6375 0.2875 0.7083333333333334
1 0.5390625 0.5625 0.346875 0.8583333333333333
2 0.6578125 0.6333333333333333 0.453125 0.7166666666666667
3 0.6421875 0.6270833333333333 0.684375 0.7375
4 0.5421875 0.7020833333333333 0.284375 0.5875
5 0.5515625 0.5875 0.428125 0.8166666666666667
6 0.475 0.575 0.44375 0.8333333333333334
7 0.503125 0.6375 0.2875 0.7083333333333334
9 0.7265625 0.6520833333333333 0.534375 0.32916666666666666
10 0.3765625 0.6291666666666667 0.384375 0.725
13 0.721875 0.4375 0.55 0.44166666666666665
14 0.6140625 0.5895833333333333 0.759375 0.5625
16 0.509375 0.60625 0.28125 0.7708333333333334
17 0.55 0.68125 0.36875 0.6291666666666667
18 0.428125 0.6708333333333333 0.30625 0.65
19 0.6171875 0.6083333333333333 0.346875 0.775
20 0.6375 0.6291666666666667 0.59375 0.725
1 0.5390625 0.5625 0.346875 0.8583333333333333
2 0.6578125 0.6333333333333333 0.453125 0.7166666666666667
3 0.6421875 0.6270833333333333 0.684375 0.7375
4 0.5421875 0.7020833333333333 0.284375 0.5875
5 0.5515625 0.5875 0.428125 0.8166666666666667
6 0.475 0.575 0.44375 0.8333333333333334
7 0.503125 0.6375 0.2875 0.7083333333333334
9 0.7265625 0.6520833333333333 0.534375 0.32916666666666666
10 0.3765625 0.6291666666666667 0.384375 0.725
13 0.721875 0.4375 0.55 0.44166666666666665
14 0.6140625 0.5895833333333333 0.759375 0.5625
16 0.509375 0.60625 0.28125 0.7708333333333334
17 0.55 0.68125 0.36875 0.6291666666666667
18 0.428125 0.6708333333333333 0.30625 0.65
19 0.6171875 0.6083333333333333 0.346875 0.775
20 0.6375 0.6291666666666667 0.59375 0.725
22 0.65 0.6375 0.28125 0.7166666666666667
