1 0.5390625 0.5666666666666667 0.334375 0.8583333333333333
2 0.6515625 0.6375 0.465625 0.7
3 0.6484375 0.6333333333333333 0.690625 0.725
4 0.540625 0.7020833333333333 0.29375 0.5875
5 0.5421875 0.5854166666666667 0.421875 0.8125
6 0.4625 0.5854166666666667 0.43125 0.8208333333333333
7 0.5078125 0.6375 0.278125 0.7083333333333334
8 0.5203125 0.64375 0.353125 0.7041666666666667
1 0.5390625 0.5666666666666667 0.334375 0.8583333333333333
2 0.6515625 0.6375 0.465625 0.7
3 0.6484375 0.6333333333333333 0.690625 0.725
4 0.540625 0.7020833333333333 0.29375 0.5875
5 0.5421875 0.5854166666666667 0.421875 0.8125
6 0.4625 0.5854166666666667 0.43125 0.8208333333333333
7 0.5078125 0.6375 0.278125 0.7083333333333334
8 0.5203125 0.64375 0.353125 0.7041666666666667
10 0.3734375 0.625 0.371875 0.725
13 0.721875 0.4354166666666667 0.55 0.4375
14 0.6015625 0.5770833333333333 0.790625 0.5958333333333333
16 0.5140625 0.6229166666666667 0.284375 0.7458333333333333
17 0.5546875 0.675 0.371875 0.6416666666666667
18 0.4296875 0.6729166666666667 0.303125 0.6458333333333334
19 0.71875 0.6104166666666667 0.55625 0.7708333333333334
20 0.64375 0.6270833333333333 0.6 0.7291666666666666
1 0.5390625 0.5666666666666667 0.334375 0.8583333333333333
2 0.6515625 0.6375 0.465625 0.7
3 0.6484375 0.6333333333333333 0.690625 0.725
4 0.540625 0.7020833333333333 0.29375 0.5875
5 0.5421875 0.5854166666666667 0.421875 0.8125
6 0.4625 0.5854166666666667 0.43125 0.8208333333333333
7 0.5078125 0.6375 0.278125 0.7083333333333334
8 0.5203125 0.64375 0.353125 0.7041666666666667
10 0.3734375 0.625 0.371875 0.725
13 0.721875 0.4354166666666667 0.55 0.4375
14 0.6015625 0.5770833333333333 0.790625 0.5958333333333333
16 0.5140625 0.6229166666666667 0.284375 0.7458333333333333
17 0.5546875 0.675 0.371875 0.6416666666666667
18 0.4296875 0.6729166666666667 0.303125 0.6458333333333334
19 0.71875 0.6104166666666667 0.55625 0.7708333333333334
20 0.64375 0.6270833333333333 0.6 0.7291666666666666
22 0.65 0.65 0.2875 0.6916666666666667
