1 0.546875 0.5645833333333333 0.35 0.8625
2 0.6625 0.6375 0.45625 0.7083333333333334
3 0.6421875 0.5875 0.703125 0.8166666666666667
5 0.5515625 0.5875 0.434375 0.8166666666666667
6 0.4734375 0.5791666666666667 0.434375 0.825
1 0.546875 0.5645833333333333 0.35 0.8625
2 0.6625 0.6375 0.45625 0.7083333333333334
3 0.6421875 0.5875 0.703125 0.8166666666666667
5 0.5515625 0.5875 0.434375 0.8166666666666667
6 0.4734375 0.5791666666666667 0.434375 0.825
9 0.734375 0.6520833333333333 0.51875 0.37083333333333335
10 0.44375 0.6333333333333333 0.41875 0.725
13 0.71875 0.41875 0.55 0.4375
14 0.634375 0.625 0.71875 0.5
16 0.490625 0.5979166666666667 0.275 0.7958333333333333
17 0.5296875 0.7 0.365625 0.5916666666666667
18 0.403125 0.6854166666666667 0.29375 0.6125
19 0.725 0.60625 0.5375 0.7791666666666667
20 0.6671875 0.6333333333333333 0.653125 0.7166666666666667
1 0.546875 0.5645833333333333 0.35 0.8625
2 0.6625 0.6375 0.45625 0.7083333333333334
3 0.6421875 0.5875 0.703125 0.8166666666666667
5 0.5515625 0.5875 0.434375 0.8166666666666667
6 0.4734375 0.5791666666666667 0.434375 0.825
9 0.734375 0.6520833333333333 0.51875 0.37083333333333335
10 0.44375 0.6333333333333333 0.41875 0.725
13 0.71875 0.41875 0.55 0.4375
14 0.634375 0.625 0.71875 0.5
16 0.490625 0.5979166666666667 0.275 0.7958333333333333
17 0.5296875 0.7 0.365625 0.5916666666666667
18 0.403125 0.6854166666666667 0.29375 0.6125
19 0.725 0.60625 0.5375 0.7791666666666667
20 0.6671875 0.6333333333333333 0.653125 0.7166666666666667
22 0.6671875 0.5875 0.271875 0.8083333333333333
