1 0.5328125 0.5666666666666667 0.321875 0.8583333333333333
2 0.6609375 0.6416666666666667 0.453125 0.7
3 0.6421875 0.6208333333333333 0.696875 0.75
4 0.54375 0.7020833333333333 0.2875 0.5875
5 0.5359375 0.5895833333333333 0.415625 0.8041666666666667
6 0.4578125 0.5791666666666667 0.440625 0.825
7 0.5203125 0.6354166666666666 0.253125 0.7125
8 0.4953125 0.65 0.315625 0.6833333333333333
1 0.5328125 0.5666666666666667 0.321875 0.8583333333333333
2 0.6609375 0.6416666666666667 0.453125 0.7
3 0.6421875 0.6208333333333333 0.696875 0.75
4 0.54375 0.7020833333333333 0.2875 0.5875
5 0.5359375 0.5895833333333333 0.415625 0.8041666666666667
6 0.4578125 0.5791666666666667 0.440625 0.825
7 0.5203125 0.6354166666666666 0.253125 0.7125
8 0.4953125 0.65 0.315625 0.6833333333333333
9 0.7375 0.6125 0.51875 0.3416666666666667
10 0.3890625 0.6270833333333333 0.390625 0.7291666666666666
13 0.71875 0.4354166666666667 0.55625 0.44583333333333336
14 0.603125 0.5958333333333333 0.7875 0.6583333333333333
16 0.5265625 0.64375 0.284375 0.6958333333333333
17 0.55 0.6875 0.38125 0.6166666666666667
18 0.45 0.6541666666666667 0.3 0.675
19 0.71875 0.6104166666666667 0.55625 0.7708333333333334
20 0.6640625 0.625 0.615625 0.7333333333333333
21 0.75625 0.6625 0.48125 0.6666666666666666
1 0.5328125 0.5666666666666667 0.321875 0.8583333333333333
2 0.6609375 0.6416666666666667 0.453125 0.7
3 0.6421875 0.6208333333333333 0.696875 0.75
4 0.54375 0.7020833333333333 0.2875 0.5875
5 0.5359375 0.5895833333333333 0.415625 0.8041666666666667
6 0.4578125 0.5791666666666667 0.440625 0.825
7 0.5203125 0.6354166666666666 0.253125 0.7125
8 0.4953125 0.65 0.315625 0.6833333333333333
9 0.7375 0.6125 0.51875 0.3416666666666667
10 0.3890625 0.6270833333333333 0.390625 0.7291666666666666
13 0.71875 0.4354166666666667 0.55625 0.44583333333333336
14 0.603125 0.5958333333333333 0.7875 0.6583333333333333
16 0.5265625 0.64375 0.284375 0.6958333333333333
17 0.55 0.6875 0.38125 0.6166666666666667
18 0.45 0.6541666666666667 0.3 0.675
19 0.71875 0.6104166666666667 0.55625 0.7708333333333334
20 0.6640625 0.625 0.615625 0.7333333333333333
21 0.75625 0.6625 0.48125 0.6666666666666666
22 0.678125 0.66875 0.2375 0.6541666666666667
