1 0.5390625 0.5666666666666667 0.346875 0.8583333333333333
2 0.653125 0.6416666666666667 0.4625 0.6916666666666667
3 0.646875 0.61875 0.69375 0.7541666666666667
5 0.5515625 0.5854166666666667 0.428125 0.8125
6 0.4796875 0.58125 0.440625 0.8291666666666667
7 0.5 0.6395833333333333 0.29375 0.7041666666666667
1 0.5390625 0.5666666666666667 0.346875 0.8583333333333333
2 0.653125 0.6416666666666667 0.4625 0.6916666666666667
3 0.646875 0.61875 0.69375 0.7541666666666667
5 0.5515625 0.5854166666666667 0.428125 0.8125
6 0.4796875 0.58125 0.440625 0.8291666666666667
7 0.5 0.6395833333333333 0.29375 0.7041666666666667
9 0.73125 0.6520833333333333 0.53125 0.32916666666666666
10 0.3953125 0.63125 0.403125 0.7208333333333333
13 0.7234375 0.4270833333333333 0.546875 0.4375
14 0.6203125 0.6 0.746875 0.5416666666666666
16 0.5 0.6 0.28125 0.7916666666666666
18 0.425 0.6708333333333333 0.3 0.6416666666666667
19 0.71875 0.6125 0.55625 0.7666666666666667
20 0.6625 0.6291666666666667 0.6375 0.725
21 0.690625 0.66875 0.35 0.6541666666666667
1 0.5390625 0.5666666666666667 0.346875 0.8583333333333333
2 0.653125 0.6416666666666667 0.4625 0.6916666666666667
3 0.646875 0.61875 0.69375 0.7541666666666667
5 0.5515625 0.5854166666666667 0.428125 0.8125
6 0.4796875 0.58125 0.440625 0.8291666666666667
7 0.5 0.6395833333333333 0.29375 0.7041666666666667
9 0.73125 0.6520833333333333 0.53125 0.32916666666666666
10 0.3953125 0.63125 0.403125 0.7208333333333333
13 0.7234375 0.4270833333333333 0.546875 0.4375
14 0.6203125 0.6 0.746875 0.5416666666666666
16 0.5 0.6 0.28125 0.7916666666666666
18 0.425 0.6708333333333333 0.3 0.6416666666666667
19 0.71875 0.6125 0.55625 0.7666666666666667
20 0.6625 0.6291666666666667 0.6375 0.725
21 0.690625 0.66875 0.35 0.6541666666666667
22 0.653125 0.60625 0.28125 0.7791666666666667
