1 0.5421875 0.5666666666666667 0.365625 0.85
2 0.6578125 0.64375 0.453125 0.7041666666666667
3 0.6265625 0.5833333333333334 0.734375 0.825
5 0.55625 0.5875 0.45 0.8166666666666667
6 0.478125 0.5791666666666667 0.4375 0.825
7 0.5046875 0.65 0.315625 0.6916666666666667
8 0.65 0.6708333333333333 0.4 0.65
1 0.5421875 0.5666666666666667 0.365625 0.85
2 0.6578125 0.64375 0.453125 0.7041666666666667
3 0.6265625 0.5833333333333334 0.734375 0.825
5 0.55625 0.5875 0.45 0.8166666666666667
6 0.478125 0.5791666666666667 0.4375 0.825
7 0.5046875 0.65 0.315625 0.6916666666666667
8 0.65 0.6708333333333333 0.4 0.65
10 0.4703125 0.6333333333333333 0.428125 0.7166666666666667
13 0.721875 0.41458333333333336 0.55 0.44583333333333336
14 0.6421875 0.6125 0.709375 0.5416666666666666
16 0.5015625 0.5895833333333333 0.278125 0.8125
17 0.5671875 0.6875 0.371875 0.6166666666666667
18 0.43125 0.66875 0.30625 0.6541666666666667
19 0.7296875 0.6104166666666667 0.528125 0.7708333333333334
20 0.665625 0.63125 0.65625 0.7208333333333333
21 0.7765625 0.6645833333333333 0.440625 0.6625
1 0.5421875 0.5666666666666667 0.365625 0.85
2 0.6578125 0.64375 0.453125 0.7041666666666667
3 0.6265625 0.5833333333333334 0.734375 0.825
5 0.55625 0.5875 0.45 0.8166666666666667
6 0.478125 0.5791666666666667 0.4375 0.825
7 0.5046875 0.65 0.315625 0.6916666666666667
8 0.65 0.6708333333333333 0.4 0.65
10 0.4703125 0.6333333333333333 0.428125 0.7166666666666667
13 0.721875 0.41458333333333336 0.55 0.44583333333333336
14 0.6421875 0.6125 0.709375 0.5416666666666666
16 0.5015625 0.5895833333333333 0.278125 0.8125
17 0.5671875 0.6875 0.371875 0.6166666666666667
18 0.43125 0.66875 0.30625 0.6541666666666667
19 0.7296875 0.6104166666666667 0.528125 0.7708333333333334
20 0.665625 0.63125 0.65625 0.7208333333333333
21 0.7765625 0.6645833333333333 0.440625 0.6625
22 0.65625 0.6020833333333333 0.2875 0.7875
