1 0.5375 0.5708333333333333 0.375 0.8416666666666667
2 0.6640625 0.6354166666666666 0.459375 0.7208333333333333
3 0.6203125 0.5770833333333333 0.746875 0.8375
5 0.5578125 0.5854166666666667 0.446875 0.8125
6 0.49375 0.5770833333333333 0.4625 0.8375
7 0.503125 0.64375 0.30625 0.7041666666666667
8 0.6546875 0.6479166666666667 0.384375 0.6958333333333333
1 0.5375 0.5708333333333333 0.375 0.8416666666666667
2 0.6640625 0.6354166666666666 0.459375 0.7208333333333333
3 0.6203125 0.5770833333333333 0.746875 0.8375
5 0.5578125 0.5854166666666667 0.446875 0.8125
6 0.49375 0.5770833333333333 0.4625 0.8375
7 0.503125 0.64375 0.30625 0.7041666666666667
8 0.6546875 0.6479166666666667 0.384375 0.6958333333333333
10 0.48125 0.6375 0.43125 0.7166666666666667
13 0.7203125 0.41041666666666665 0.553125 0.45416666666666666
14 0.6453125 0.6125 0.703125 0.5833333333333334
16 0.5046875 0.5895833333333333 0.278125 0.8125
17 0.5828125 0.6854166666666667 0.384375 0.6208333333333333
18 0.4484375 0.65625 0.296875 0.6708333333333333
19 0.728125 0.60625 0.53125 0.7708333333333334
20 0.6609375 0.6354166666666666 0.653125 0.7208333333333333
1 0.5375 0.5708333333333333 0.375 0.8416666666666667
2 0.6640625 0.6354166666666666 0.459375 0.7208333333333333
3 0.6203125 0.5770833333333333 0.746875 0.8375
5 0.5578125 0.5854166666666667 0.446875 0.8125
6 0.49375 0.5770833333333333 0.4625 0.8375
7 0.503125 0.64375 0.30625 0.7041666666666667
8 0.6546875 0.6479166666666667 0.384375 0.6958333333333333
10 0.48125 0.6375 0.43125 0.7166666666666667
13 0.7203125 0.41041666666666665 0.553125 0.45416666666666666
14 0.6453125 0.6125 0.703125 0.5833333333333334
16 0.5046875 0.5895833333333333 0.278125 0.8125
17 0.5828125 0.6854166666666667 0.384375 0.6208333333333333
18 0.4484375 0.65625 0.296875 0.6708333333333333
19 0.728125 0.60625 0.53125 0.7708333333333334
20 0.6609375 0.6354166666666666 0.653125 0.7208333333333333
22 0.6375 0.60625 0.3125 0.7791666666666667
