1 0.54375 0.5645833333333333 0.34375 0.8541666666666666
2 0.653125 0.64375 0.4625 0.6875
3 0.6453125 0.5958333333333333 0.696875 0.8
5 0.5546875 0.58125 0.428125 0.8208333333333333
6 0.4765625 0.5791666666666667 0.434375 0.825
7 0.5078125 0.6416666666666667 0.309375 0.7
8 0.5734375 0.6875 0.384375 0.6166666666666667
1 0.54375 0.5645833333333333 0.34375 0.8541666666666666
2 0.653125 0.64375 0.4625 0.6875
3 0.6453125 0.5958333333333333 0.696875 0.8
5 0.5546875 0.58125 0.428125 0.8208333333333333
6 0.4765625 0.5791666666666667 0.434375 0.825
7 0.5078125 0.6416666666666667 0.309375 0.7
8 0.5734375 0.6875 0.384375 0.6166666666666667
10 0.4203125 0.63125 0.409375 0.7208333333333333
13 0.7203125 0.425 0.553125 0.44166666666666665
14 0.625 0.6416666666666667 0.74375 0.55
16 0.4953125 0.5979166666666667 0.278125 0.7958333333333333
18 0.4125 0.6833333333333333 0.3 0.625
19 0.7171875 0.6104166666666667 0.553125 0.7708333333333334
20 0.665625 0.63125 0.65 0.7208333333333333
21 0.7578125 0.6666666666666666 0.478125 0.65
1 0.54375 0.5645833333333333 0.34375 0.8541666666666666
2 0.653125 0.64375 0.4625 0.6875
3 0.6453125 0.5958333333333333 0.696875 0.8
5 0.5546875 0.58125 0.428125 0.8208333333333333
6 0.4765625 0.5791666666666667 0.434375 0.825
7 0.5078125 0.6416666666666667 0.309375 0.7
8 0.5734375 0.6875 0.384375 0.6166666666666667
10 0.4203125 0.63125 0.409375 0.7208333333333333
13 0.7203125 0.425 0.553125 0.44166666666666665
14 0.625 0.6416666666666667 0.74375 0.55
16 0.4953125 0.5979166666666667 0.278125 0.7958333333333333
18 0.4125 0.6833333333333333 0.3 0.625
19 0.7171875 0.6104166666666667 0.553125 0.7708333333333334
20 0.665625 0.63125 0.65 0.7208333333333333
21 0.7578125 0.6666666666666666 0.478125 0.65
22 0.6640625 0.5895833333333333 0.271875 0.8125
