1 0.534375 0.5666666666666667 0.325 0.85
2 0.659375 0.6458333333333334 0.45625 0.6916666666666667
3 0.6484375 0.6291666666666667 0.690625 0.7333333333333333
4 0.540625 0.7020833333333333 0.29375 0.5875
6 0.4546875 0.5833333333333334 0.421875 0.8166666666666667
7 0.515625 0.6354166666666666 0.2625 0.7125
8 0.5140625 0.6479166666666667 0.334375 0.6958333333333333
1 0.534375 0.5666666666666667 0.325 0.85
2 0.659375 0.6458333333333334 0.45625 0.6916666666666667
3 0.6484375 0.6291666666666667 0.690625 0.7333333333333333
4 0.540625 0.7020833333333333 0.29375 0.5875
6 0.4546875 0.5833333333333334 0.421875 0.8166666666666667
7 0.515625 0.6354166666666666 0.2625 0.7125
8 0.5140625 0.6479166666666667 0.334375 0.6958333333333333
10 0.3734375 0.6270833333333333 0.378125 0.7291666666666666
13 0.71875 0.4375 0.55625 0.44166666666666665
14 0.603125 0.5854166666666667 0.7875 0.6375
16 0.51875 0.63125 0.28125 0.7291666666666666
17 0.5546875 0.675 0.378125 0.6416666666666667
18 0.434375 0.6645833333333333 0.30625 0.6625
19 0.71875 0.6083333333333333 0.55625 0.7666666666666667
20 0.6734375 0.6270833333333333 0.640625 0.7291666666666666
21 0.7015625 0.6625 0.365625 0.6583333333333333
1 0.534375 0.5666666666666667 0.325 0.85
2 0.659375 0.6458333333333334 0.45625 0.6916666666666667
3 0.6484375 0.6291666666666667 0.690625 0.7333333333333333
4 0.540625 0.7020833333333333 0.29375 0.5875
6 0.4546875 0.5833333333333334 0.421875 0.8166666666666667
7 0.515625 0.6354166666666666 0.2625 0.7125
8 0.5140625 0.6479166666666667 0.334375 0.6958333333333333
10 0.3734375 0.6270833333333333 0.378125 0.7291666666666666
13 0.71875 0.4375 0.55625 0.44166666666666665
14 0.603125 0.5854166666666667 0.7875 0.6375
16 0.51875 0.63125 0.28125 0.7291666666666666
17 0.5546875 0.675 0.378125 0.6416666666666667
18 0.434375 0.6645833333333333 0.30625 0.6625
19 0.71875 0.6083333333333333 0.55625 0.7666666666666667
20 0.6734375 0.6270833333333333 0.640625 0.7291666666666666
21 0.7015625 0.6625 0.365625 0.6583333333333333
22 0.65 0.65625 0.28125 0.6791666666666667
