1 0.546875 0.575 0.38125 0.8416666666666667
2 0.6765625 0.6291666666666667 0.446875 0.725
3 0.6171875 0.5833333333333334 0.753125 0.825
5 0.5609375 0.5854166666666667 0.434375 0.8208333333333333
6 0.496875 0.5791666666666667 0.46875 0.825
7 0.496875 0.6375 0.29375 0.7083333333333334
8 0.646875 0.6520833333333333 0.4 0.6875
1 0.546875 0.575 0.38125 0.8416666666666667
2 0.6765625 0.6291666666666667 0.446875 0.725
3 0.6171875 0.5833333333333334 0.753125 0.825
5 0.5609375 0.5854166666666667 0.434375 0.8208333333333333
6 0.496875 0.5791666666666667 0.46875 0.825
7 0.496875 0.6375 0.29375 0.7083333333333334
8 0.646875 0.6520833333333333 0.4 0.6875
10 0.4984375 0.6395833333333333 0.428125 0.7125
13 0.7203125 0.40625 0.553125 0.4625
14 0.6390625 0.55625 0.709375 0.5625
16 0.5171875 0.5875 0.278125 0.8166666666666667
17 0.5828125 0.6833333333333333 0.390625 0.625
18 0.4625 0.6520833333333333 0.29375 0.6875
19 0.7234375 0.6145833333333334 0.540625 0.7625
20 0.6640625 0.6333333333333333 0.659375 0.725
1 0.546875 0.575 0.38125 0.8416666666666667
2 0.6765625 0.6291666666666667 0.446875 0.725
3 0.6171875 0.5833333333333334 0.753125 0.825
5 0.5609375 0.5854166666666667 0.434375 0.8208333333333333
6 0.496875 0.5791666666666667 0.46875 0.825
7 0.496875 0.6375 0.29375 0.7083333333333334
8 0.646875 0.6520833333333333 0.4 0.6875
10 0.4984375 0.6395833333333333 0.428125 0.7125
13 0.7203125 0.40625 0.553125 0.4625
14 0.6390625 0.55625 0.709375 0.5625
16 0.5171875 0.5875 0.278125 0.8166666666666667
17 0.5828125 0.6833333333333333 0.390625 0.625
18 0.4625 0.6520833333333333 0.29375 0.6875
19 0.7234375 0.6145833333333334 0.540625 0.7625
20 0.6640625 0.6333333333333333 0.659375 0.725
22 0.625 0.6083333333333333 0.31875 0.775
