2 0.6765625 0.6395833333333333 0.453125 0.7041666666666667
3 0.6078125 0.59375 0.759375 0.7958333333333333
5 0.56875 0.5833333333333334 0.4375 0.825
6 0.4671875 0.60625 0.434375 0.7791666666666667
7 0.496875 0.63125 0.2625 0.7291666666666666
8 0.596875 0.61875 0.4375 0.7541666666666667
2 0.6765625 0.6395833333333333 0.453125 0.7041666666666667
3 0.6078125 0.59375 0.759375 0.7958333333333333
5 0.56875 0.5833333333333334 0.4375 0.825
6 0.4671875 0.60625 0.434375 0.7791666666666667
7 0.496875 0.63125 0.2625 0.7291666666666666
8 0.596875 0.61875 0.4375 0.7541666666666667
10 0.3671875 0.6333333333333333 0.403125 0.725
14 0.6359375 0.625 0.721875 0.575
16 0.5203125 0.5958333333333333 0.284375 0.8
17 0.5953125 0.5625 0.403125 0.8583333333333333
18 0.4296875 0.6708333333333333 0.303125 0.65
19 0.7171875 0.6291666666666667 0.559375 0.725
20 0.665625 0.6458333333333334 0.6625 0.7
21 0.76875 0.6770833333333334 0.45625 0.6291666666666667
2 0.6765625 0.6395833333333333 0.453125 0.7041666666666667
3 0.6078125 0.59375 0.759375 0.7958333333333333
5 0.56875 0.5833333333333334 0.4375 0.825
6 0.4671875 0.60625 0.434375 0.7791666666666667
7 0.496875 0.63125 0.2625 0.7291666666666666
8 0.596875 0.61875 0.4375 0.7541666666666667
10 0.3671875 0.6333333333333333 0.403125 0.725
14 0.6359375 0.625 0.721875 0.575
16 0.5203125 0.5958333333333333 0.284375 0.8
17 0.5953125 0.5625 0.403125 0.8583333333333333
18 0.4296875 0.6708333333333333 0.303125 0.65
19 0.7171875 0.6291666666666667 0.559375 0.725
20 0.665625 0.6458333333333334 0.6625 0.7
21 0.76875 0.6770833333333334 0.45625 0.6291666666666667
22 0.59375 0.6229166666666667 0.3 0.7458333333333333
