1 0.546875 0.575 0.375 0.8416666666666667
2 0.68125 0.6333333333333333 0.4625 0.7166666666666667
3 0.6203125 0.5854166666666667 0.746875 0.8208333333333333
5 0.559375 0.5770833333333333 0.425 0.8375
6 0.49375 0.58125 0.44375 0.8208333333333333
7 0.4984375 0.6333333333333333 0.290625 0.7166666666666667
8 0.6453125 0.6520833333333333 0.396875 0.6875
1 0.546875 0.575 0.375 0.8416666666666667
2 0.68125 0.6333333333333333 0.4625 0.7166666666666667
3 0.6203125 0.5854166666666667 0.746875 0.8208333333333333
5 0.559375 0.5770833333333333 0.425 0.8375
6 0.49375 0.58125 0.44375 0.8208333333333333
7 0.4984375 0.6333333333333333 0.290625 0.7166666666666667
8 0.6453125 0.6520833333333333 0.396875 0.6875
10 0.5015625 0.6416666666666667 0.428125 0.7083333333333334
13 0.7203125 0.4041666666666667 0.553125 0.4666666666666667
14 0.646875 0.5395833333333333 0.69375 0.5625
16 0.5234375 0.5875 0.278125 0.8166666666666667
17 0.5828125 0.68125 0.396875 0.6291666666666667
18 0.4734375 0.6583333333333333 0.296875 0.675
19 0.7265625 0.6229166666666667 0.540625 0.7458333333333333
20 0.6640625 0.6333333333333333 0.653125 0.7166666666666667
1 0.546875 0.575 0.375 0.8416666666666667
2 0.68125 0.6333333333333333 0.4625 0.7166666666666667
3 0.6203125 0.5854166666666667 0.746875 0.8208333333333333
5 0.559375 0.5770833333333333 0.425 0.8375
6 0.49375 0.58125 0.44375 0.8208333333333333
7 0.4984375 0.6333333333333333 0.290625 0.7166666666666667
8 0.6453125 0.6520833333333333 0.396875 0.6875
10 0.5015625 0.6416666666666667 0.428125 0.7083333333333334
13 0.7203125 0.4041666666666667 0.553125 0.4666666666666667
14 0.646875 0.5395833333333333 0.69375 0.5625
16 0.5234375 0.5875 0.278125 0.8166666666666667
17 0.5828125 0.68125 0.396875 0.6291666666666667
18 0.4734375 0.6583333333333333 0.296875 0.675
19 0.7265625 0.6229166666666667 0.540625 0.7458333333333333
20 0.6640625 0.6333333333333333 0.653125 0.7166666666666667
22 0.6203125 0.6083333333333333 0.328125 0.775
