2 0.678125 0.6416666666666667 0.45 0.7083333333333334
3 0.609375 0.6 0.7625 0.7916666666666666
5 0.5640625 0.5854166666666667 0.434375 0.8208333333333333
6 0.46875 0.6020833333333333 0.45 0.7791666666666667
7 0.5921875 0.66875 0.346875 0.6541666666666667
8 0.596875 0.6395833333333333 0.45 0.7125
2 0.678125 0.6416666666666667 0.45 0.7083333333333334
3 0.609375 0.6 0.7625 0.7916666666666666
5 0.5640625 0.5854166666666667 0.434375 0.8208333333333333
6 0.46875 0.6020833333333333 0.45 0.7791666666666667
7 0.5921875 0.66875 0.346875 0.6541666666666667
8 0.596875 0.6395833333333333 0.45 0.7125
10 0.36875 0.6333333333333333 0.375 0.725
13 0.7171875 0.4166666666666667 0.559375 0.45
14 0.6359375 0.6520833333333333 0.721875 0.5875
16 0.5171875 0.59375 0.284375 0.7958333333333333
17 0.603125 0.575 0.4 0.8416666666666667
18 0.4140625 0.6770833333333334 0.303125 0.6375
19 0.715625 0.6375 0.55625 0.7166666666666667
20 0.6625 0.64375 0.6625 0.7041666666666667
21 0.7671875 0.68125 0.459375 0.6291666666666667
2 0.678125 0.6416666666666667 0.45 0.7083333333333334
3 0.609375 0.6 0.7625 0.7916666666666666
5 0.5640625 0.5854166666666667 0.434375 0.8208333333333333
6 0.46875 0.6020833333333333 0.45 0.7791666666666667
7 0.5921875 0.66875 0.346875 0.6541666666666667
8 0.596875 0.6395833333333333 0.45 0.7125
10 0.36875 0.6333333333333333 0.375 0.725
13 0.7171875 0.4166666666666667 0.559375 0.45
14 0.6359375 0.6520833333333333 0.721875 0.5875
16 0.5171875 0.59375 0.284375 0.7958333333333333
17 0.603125 0.575 0.4 0.8416666666666667
18 0.4140625 0.6770833333333334 0.303125 0.6375
19 0.715625 0.6375 0.55625 0.7166666666666667
20 0.6625 0.64375 0.6625 0.7041666666666667
21 0.7671875 0.68125 0.459375 0.6291666666666667
22 0.6265625 0.6125 0.334375 0.7583333333333333
