2 0.6734375 0.64375 0.453125 0.7041666666666667
3 0.6171875 0.5854166666666667 0.753125 0.8208333333333333
5 0.5671875 0.575 0.428125 0.8333333333333334
6 0.4828125 0.5895833333333333 0.446875 0.8041666666666667
7 0.49375 0.63125 0.275 0.7208333333333333
8 0.61875 0.6354166666666666 0.40625 0.7208333333333333
2 0.6734375 0.64375 0.453125 0.7041666666666667
3 0.6171875 0.5854166666666667 0.753125 0.8208333333333333
5 0.5671875 0.575 0.428125 0.8333333333333334
6 0.4828125 0.5895833333333333 0.446875 0.8041666666666667
7 0.49375 0.63125 0.275 0.7208333333333333
8 0.61875 0.6354166666666666 0.40625 0.7208333333333333
10 0.45625 0.6375 0.43125 0.7166666666666667
14 0.634375 0.5875 0.725 0.6833333333333333
16 0.53125 0.5895833333333333 0.28125 0.8041666666666667
17 0.5734375 0.63125 0.403125 0.7291666666666666
18 0.475 0.6541666666666667 0.29375 0.6833333333333333
19 0.71875 0.6270833333333333 0.55 0.7375
20 0.665625 0.65 0.65625 0.6833333333333333
2 0.6734375 0.64375 0.453125 0.7041666666666667
3 0.6171875 0.5854166666666667 0.753125 0.8208333333333333
5 0.5671875 0.575 0.428125 0.8333333333333334
6 0.4828125 0.5895833333333333 0.446875 0.8041666666666667
7 0.49375 0.63125 0.275 0.7208333333333333
8 0.61875 0.6354166666666666 0.40625 0.7208333333333333
10 0.45625 0.6375 0.43125 0.7166666666666667
14 0.634375 0.5875 0.725 0.6833333333333333
16 0.53125 0.5895833333333333 0.28125 0.8041666666666667
17 0.5734375 0.63125 0.403125 0.7291666666666666
18 0.475 0.6541666666666667 0.29375 0.6833333333333333
19 0.71875 0.6270833333333333 0.55 0.7375
20 0.665625 0.65 0.65625 0.6833333333333333
22 0.5921875 0.61875 0.340625 0.7458333333333333
