2 0.675 0.6458333333333334 0.45625 0.6916666666666667
3 0.6125 0.5854166666666667 0.7625 0.8208333333333333
5 0.56875 0.5791666666666667 0.43125 0.8333333333333334
6 0.48125 0.6020833333333333 0.44375 0.7875
7 0.4984375 0.6291666666666667 0.265625 0.725
2 0.675 0.6458333333333334 0.45625 0.6916666666666667
3 0.6125 0.5854166666666667 0.7625 0.8208333333333333
5 0.56875 0.5791666666666667 0.43125 0.8333333333333334
6 0.48125 0.6020833333333333 0.44375 0.7875
7 0.4984375 0.6291666666666667 0.265625 0.725
10 0.434375 0.6333333333333333 0.425 0.7166666666666667
13 0.7171875 0.41041666666666665 0.553125 0.4625
14 0.6296875 0.5625 0.734375 0.6166666666666667
16 0.5296875 0.59375 0.284375 0.8041666666666667
17 0.5765625 0.5979166666666667 0.403125 0.7958333333333333
18 0.4671875 0.6541666666666667 0.296875 0.6833333333333333
19 0.71875 0.6270833333333333 0.55 0.7291666666666666
20 0.665625 0.65 0.65625 0.6833333333333333
21 0.7703125 0.66875 0.453125 0.6541666666666667
2 0.675 0.6458333333333334 0.45625 0.6916666666666667
3 0.6125 0.5854166666666667 0.7625 0.8208333333333333
5 0.56875 0.5791666666666667 0.43125 0.8333333333333334
6 0.48125 0.6020833333333333 0.44375 0.7875
7 0.4984375 0.6291666666666667 0.265625 0.725
10 0.434375 0.6333333333333333 0.425 0.7166666666666667
13 0.7171875 0.41041666666666665 0.553125 0.4625
14 0.6296875 0.5625 0.734375 0.6166666666666667
16 0.5296875 0.59375 0.284375 0.8041666666666667
17 0.5765625 0.5979166666666667 0.403125 0.7958333333333333
18 0.4671875 0.6541666666666667 0.296875 0.6833333333333333
19 0.71875 0.6270833333333333 0.55 0.7291666666666666
20 0.665625 0.65 0.65625 0.6833333333333333
21 0.7703125 0.66875 0.453125 0.6541666666666667
22 0.6015625 0.6229166666666667 0.340625 0.7458333333333333
