1 0.5625 0.575 0.35625 0.8416666666666667
2 0.665625 0.6458333333333334 0.4375 0.7
3 0.6125 0.5854166666666667 0.75625 0.8208333333333333
5 0.565625 0.5833333333333334 0.43125 0.825
6 0.4890625 0.5854166666666667 0.453125 0.8125
7 0.496875 0.6354166666666666 0.2875 0.7208333333333333
8 0.6359375 0.64375 0.396875 0.7041666666666667
1 0.5625 0.575 0.35625 0.8416666666666667
2 0.665625 0.6458333333333334 0.4375 0.7
3 0.6125 0.5854166666666667 0.75625 0.8208333333333333
5 0.565625 0.5833333333333334 0.43125 0.825
6 0.4890625 0.5854166666666667 0.453125 0.8125
7 0.496875 0.6354166666666666 0.2875 0.7208333333333333
8 0.6359375 0.64375 0.396875 0.7041666666666667
10 0.484375 0.6375 0.4375 0.7166666666666667
13 0.7171875 0.40208333333333335 0.553125 0.4708333333333333
16 0.525 0.59375 0.275 0.8041666666666667
17 0.578125 0.66875 0.4 0.6541666666666667
18 0.4765625 0.6583333333333333 0.296875 0.675
19 0.7234375 0.6270833333333333 0.546875 0.7375
20 0.6625 0.6416666666666667 0.65625 0.7083333333333334
1 0.5625 0.575 0.35625 0.8416666666666667
2 0.665625 0.6458333333333334 0.4375 0.7
3 0.6125 0.5854166666666667 0.75625 0.8208333333333333
5 0.565625 0.5833333333333334 0.43125 0.825
6 0.4890625 0.5854166666666667 0.453125 0.8125
7 0.496875 0.6354166666666666 0.2875 0.7208333333333333
8 0.6359375 0.64375 0.396875 0.7041666666666667
10 0.484375 0.6375 0.4375 0.7166666666666667
13 0.7171875 0.40208333333333335 0.553125 0.4708333333333333
16 0.525 0.59375 0.275 0.8041666666666667
17 0.578125 0.66875 0.4 0.6541666666666667
18 0.4765625 0.6583333333333333 0.296875 0.675
19 0.7234375 0.6270833333333333 0.546875 0.7375
20 0.6625 0.6416666666666667 0.65625 0.7083333333333334
22 0.60625 0.6145833333333334 0.325 0.7625
