0 0.453125 0.5916666666666667 0.49375 0.7833333333333333
0 0.453125 0.5916666666666667 0.49375 0.7833333333333333
2 0.6796875 0.6395833333333333 0.446875 0.7041666666666667
3 0.60625 0.6 0.7625 0.7833333333333333
5 0.559375 0.5854166666666667 0.425 0.8125
6 0.4578125 0.59375 0.421875 0.7958333333333333
7 0.596875 0.6708333333333333 0.34375 0.65
0 0.453125 0.5916666666666667 0.49375 0.7833333333333333
2 0.6796875 0.6395833333333333 0.446875 0.7041666666666667
3 0.60625 0.6 0.7625 0.7833333333333333
5 0.559375 0.5854166666666667 0.425 0.8125
6 0.4578125 0.59375 0.421875 0.7958333333333333
7 0.596875 0.6708333333333333 0.34375 0.65
10 0.3890625 0.6333333333333333 0.390625 0.7166666666666667
13 0.7171875 0.41458333333333336 0.559375 0.44583333333333336
14 0.640625 0.6583333333333333 0.7125 0.525
16 0.5296875 0.5895833333333333 0.290625 0.8125
17 0.6140625 0.5979166666666667 0.396875 0.7958333333333333
18 0.4078125 0.6770833333333334 0.309375 0.6375
19 0.7140625 0.6395833333333333 0.559375 0.7041666666666667
20 0.6625 0.6395833333333333 0.65625 0.7125
0 0.453125 0.5916666666666667 0.49375 0.7833333333333333
2 0.6796875 0.6395833333333333 0.446875 0.7041666666666667
3 0.60625 0.6 0.7625 0.7833333333333333
5 0.559375 0.5854166666666667 0.425 0.8125
6 0.4578125 0.59375 0.421875 0.7958333333333333
7 0.596875 0.6708333333333333 0.34375 0.65
10 0.3890625 0.6333333333333333 0.390625 0.7166666666666667
13 0.7171875 0.41458333333333336 0.559375 0.44583333333333336
14 0.640625 0.6583333333333333 0.7125 0.525
16 0.5296875 0.5895833333333333 0.290625 0.8125
17 0.6140625 0.5979166666666667 0.396875 0.7958333333333333
18 0.4078125 0.6770833333333334 0.309375 0.6375
19 0.7140625 0.6395833333333333 0.559375 0.7041666666666667
20 0.6625 0.6395833333333333 0.65625 0.7125
22 0.628125 0.6166666666666667 0.33125 0.75
