2 0.6703125 0.65 0.446875 0.6916666666666667
3 0.6125 0.5875 0.76875 0.8166666666666667
5 0.5703125 0.5791666666666667 0.434375 0.8333333333333334
6 0.4734375 0.60625 0.434375 0.7708333333333334
7 0.4984375 0.6291666666666667 0.265625 0.725
2 0.6703125 0.65 0.446875 0.6916666666666667
3 0.6125 0.5875 0.76875 0.8166666666666667
5 0.5703125 0.5791666666666667 0.434375 0.8333333333333334
6 0.4734375 0.60625 0.434375 0.7708333333333334
7 0.4984375 0.6291666666666667 0.265625 0.725
10 0.3953125 0.63125 0.409375 0.7208333333333333
13 0.71875 0.41041666666666665 0.55 0.4625
14 0.6328125 0.5916666666666667 0.728125 0.575
16 0.521875 0.5958333333333333 0.2875 0.8
17 0.584375 0.5729166666666666 0.4 0.8458333333333333
18 0.4484375 0.65625 0.296875 0.6708333333333333
19 0.7140625 0.6291666666666667 0.559375 0.7333333333333333
20 0.665625 0.65 0.65625 0.6833333333333333
2 0.6703125 0.65 0.446875 0.6916666666666667
3 0.6125 0.5875 0.76875 0.8166666666666667
5 0.5703125 0.5791666666666667 0.434375 0.8333333333333334
6 0.4734375 0.60625 0.434375 0.7708333333333334
7 0.4984375 0.6291666666666667 0.265625 0.725
10 0.3953125 0.63125 0.409375 0.7208333333333333
13 0.71875 0.41041666666666665 0.55 0.4625
14 0.6328125 0.5916666666666667 0.728125 0.575
16 0.521875 0.5958333333333333 0.2875 0.8
17 0.584375 0.5729166666666666 0.4 0.8458333333333333
18 0.4484375 0.65625 0.296875 0.6708333333333333
19 0.7140625 0.6291666666666667 0.559375 0.7333333333333333
20 0.665625 0.65 0.65625 0.6833333333333333
22 0.609375 0.6229166666666667 0.3375 0.7458333333333333
