0 0.45 0.6041666666666666 0.49375 0.7833333333333333
0 0.45 0.6041666666666666 0.49375 0.7833333333333333
2 0.6765625 0.6395833333333333 0.453125 0.7041666666666667
3 0.596875 0.6145833333333334 0.75625 0.7625
5 0.55625 0.58125 0.425 0.8291666666666667
6 0.4515625 0.5895833333333333 0.421875 0.8125
7 0.590625 0.6708333333333333 0.35625 0.65
0 0.45 0.6041666666666666 0.49375 0.7833333333333333
2 0.6765625 0.6395833333333333 0.453125 0.7041666666666667
3 0.596875 0.6145833333333334 0.75625 0.7625
5 0.55625 0.58125 0.425 0.8291666666666667
6 0.4515625 0.5895833333333333 0.421875 0.8125
7 0.590625 0.6708333333333333 0.35625 0.65
10 0.4046875 0.6354166666666666 0.415625 0.7208333333333333
13 0.7203125 0.4166666666666667 0.553125 0.44166666666666665
14 0.6453125 0.6625 0.703125 0.5
16 0.540625 0.5916666666666667 0.2875 0.8083333333333333
17 0.6109375 0.6 0.396875 0.7916666666666666
18 0.415625 0.6791666666666667 0.30625 0.6333333333333333
19 0.7140625 0.6395833333333333 0.565625 0.7125
20 0.665625 0.6416666666666667 0.65625 0.7
0 0.45 0.6041666666666666 0.49375 0.7833333333333333
2 0.6765625 0.6395833333333333 0.453125 0.7041666666666667
3 0.596875 0.6145833333333334 0.75625 0.7625
5 0.55625 0.58125 0.425 0.8291666666666667
6 0.4515625 0.5895833333333333 0.421875 0.8125
7 0.590625 0.6708333333333333 0.35625 0.65
10 0.4046875 0.6354166666666666 0.415625 0.7208333333333333
13 0.7203125 0.4166666666666667 0.553125 0.44166666666666665
14 0.6453125 0.6625 0.703125 0.5
16 0.540625 0.5916666666666667 0.2875 0.8083333333333333
17 0.6109375 0.6 0.396875 0.7916666666666666
18 0.415625 0.6791666666666667 0.30625 0.6333333333333333
19 0.7140625 0.6395833333333333 0.565625 0.7125
20 0.665625 0.6416666666666667 0.65625 0.7
22 0.63125 0.6166666666666667 0.33125 0.75
