3 0.6015625 0.6104166666666667 0.759375 0.7708333333333334
5 0.578125 0.5645833333333333 0.44375 0.8541666666666666
6 0.5375 0.5854166666666667 0.60625 0.8125
7 0.56875 0.6479166666666667 0.36875 0.6958333333333333
8 0.6328125 0.6354166666666666 0.384375 0.7125
3 0.6015625 0.6104166666666667 0.759375 0.7708333333333334
5 0.578125 0.5645833333333333 0.44375 0.8541666666666666
6 0.5375 0.5854166666666667 0.60625 0.8125
7 0.56875 0.6479166666666667 0.36875 0.6958333333333333
8 0.6328125 0.6354166666666666 0.384375 0.7125
9 0.7 0.6729166666666667 0.5875 0.6375
10 0.428125 0.6333333333333333 0.40625 0.725
14 0.6640625 0.6354166666666666 0.665625 0.45416666666666666
16 0.5578125 0.575 0.290625 0.8333333333333334
17 0.6234375 0.5833333333333334 0.421875 0.825
18 0.39375 0.68125 0.3125 0.6208333333333333
19 0.7078125 0.6458333333333334 0.571875 0.7
20 0.659375 0.6395833333333333 0.6625 0.7125
21 0.7703125 0.6583333333333333 0.446875 0.675
3 0.6015625 0.6104166666666667 0.759375 0.7708333333333334
5 0.578125 0.5645833333333333 0.44375 0.8541666666666666
6 0.5375 0.5854166666666667 0.60625 0.8125
7 0.56875 0.6479166666666667 0.36875 0.6958333333333333
8 0.6328125 0.6354166666666666 0.384375 0.7125
9 0.7 0.6729166666666667 0.5875 0.6375
10 0.428125 0.6333333333333333 0.40625 0.725
14 0.6640625 0.6354166666666666 0.665625 0.45416666666666666
16 0.5578125 0.575 0.290625 0.8333333333333334
17 0.6234375 0.5833333333333334 0.421875 0.825
18 0.39375 0.68125 0.3125 0.6208333333333333
19 0.7078125 0.6458333333333334 0.571875 0.7
20 0.659375 0.6395833333333333 0.6625 0.7125
21 0.7703125 0.6583333333333333 0.446875 0.675
22 0.6421875 0.625 0.309375 0.7416666666666667
