0 0.5171875 0.5916666666666667 0.528125 0.7916666666666666
0 0.5171875 0.5916666666666667 0.528125 0.7916666666666666
2 0.665625 0.6604166666666667 0.45625 0.6625
3 0.60625 0.6208333333333333 0.75 0.75
5 0.575 0.58125 0.44375 0.8291666666666667
6 0.4875 0.5666666666666667 0.46875 0.85
7 0.5765625 0.6666666666666666 0.365625 0.6583333333333333
0 0.5171875 0.5916666666666667 0.528125 0.7916666666666666
2 0.665625 0.6604166666666667 0.45625 0.6625
3 0.60625 0.6208333333333333 0.75 0.75
5 0.575 0.58125 0.44375 0.8291666666666667
6 0.4875 0.5666666666666667 0.46875 0.85
7 0.5765625 0.6666666666666666 0.365625 0.6583333333333333
9 0.709375 0.6791666666666667 0.575 0.6333333333333333
10 0.4703125 0.6375 0.428125 0.7166666666666667
11 0.678125 0.60625 0.63125 0.3625
14 0.6609375 0.64375 0.671875 0.4375
16 0.565625 0.5729166666666666 0.2875 0.8375
17 0.6265625 0.5791666666666667 0.415625 0.825
18 0.4125 0.6625 0.3125 0.6583333333333333
19 0.7078125 0.6458333333333334 0.571875 0.7
20 0.6734375 0.6395833333333333 0.640625 0.7125
0 0.5171875 0.5916666666666667 0.528125 0.7916666666666666
2 0.665625 0.6604166666666667 0.45625 0.6625
3 0.60625 0.6208333333333333 0.75 0.75
5 0.575 0.58125 0.44375 0.8291666666666667
6 0.4875 0.5666666666666667 0.46875 0.85
7 0.5765625 0.6666666666666666 0.365625 0.6583333333333333
9 0.709375 0.6791666666666667 0.575 0.6333333333333333
10 0.4703125 0.6375 0.428125 0.7166666666666667
11 0.678125 0.60625 0.63125 0.3625
14 0.6609375 0.64375 0.671875 0.4375
16 0.565625 0.5729166666666666 0.2875 0.8375
17 0.6265625 0.5791666666666667 0.415625 0.825
18 0.4125 0.6625 0.3125 0.6583333333333333
19 0.7078125 0.6458333333333334 0.571875 0.7
20 0.6734375 0.6395833333333333 0.640625 0.7125
22 0.6390625 0.6125 0.315625 0.7583333333333333
