1 0.625 0.575 0.3125 0.8416666666666667
2 0.6734375 0.65 0.453125 0.6833333333333333
3 0.6078125 0.61875 0.746875 0.7541666666666667
5 0.5578125 0.58125 0.440625 0.8291666666666667
6 0.459375 0.58125 0.43125 0.8208333333333333
7 0.578125 0.66875 0.35 0.6541666666666667
1 0.625 0.575 0.3125 0.8416666666666667
2 0.6734375 0.65 0.453125 0.6833333333333333
3 0.6078125 0.61875 0.746875 0.7541666666666667
5 0.5578125 0.58125 0.440625 0.8291666666666667
6 0.459375 0.58125 0.43125 0.8208333333333333
7 0.578125 0.66875 0.35 0.6541666666666667
9 0.7125 0.69375 0.56875 0.5958333333333333
10 0.45625 0.6354166666666666 0.41875 0.7208333333333333
14 0.6515625 0.6708333333333333 0.690625 0.4666666666666667
16 0.5515625 0.58125 0.284375 0.8208333333333333
17 0.6171875 0.59375 0.390625 0.8041666666666667
18 0.4328125 0.70625 0.309375 0.5791666666666667
19 0.70625 0.6458333333333334 0.575 0.7
20 0.671875 0.6520833333333333 0.65 0.6875
21 0.775 0.6604166666666667 0.44375 0.6625
1 0.625 0.575 0.3125 0.8416666666666667
2 0.6734375 0.65 0.453125 0.6833333333333333
3 0.6078125 0.61875 0.746875 0.7541666666666667
5 0.5578125 0.58125 0.440625 0.8291666666666667
6 0.459375 0.58125 0.43125 0.8208333333333333
7 0.578125 0.66875 0.35 0.6541666666666667
9 0.7125 0.69375 0.56875 0.5958333333333333
10 0.45625 0.6354166666666666 0.41875 0.7208333333333333
14 0.6515625 0.6708333333333333 0.690625 0.4666666666666667
16 0.5515625 0.58125 0.284375 0.8208333333333333
17 0.6171875 0.59375 0.390625 0.8041666666666667
18 0.4328125 0.70625 0.309375 0.5791666666666667
19 0.70625 0.6458333333333334 0.575 0.7
20 0.671875 0.6520833333333333 0.65 0.6875
21 0.775 0.6604166666666667 0.44375 0.6625
22 0.6328125 0.61875 0.321875 0.7458333333333333
