1 0.6359375 0.5729166666666666 0.315625 0.8458333333333333
2 0.675 0.65 0.45625 0.6833333333333333
3 0.6140625 0.6229166666666667 0.746875 0.7458333333333333
5 0.5671875 0.58125 0.440625 0.8208333333333333
6 0.48125 0.5708333333333333 0.46875 0.85
7 0.584375 0.6708333333333333 0.35 0.65
8 0.6265625 0.6770833333333334 0.403125 0.6291666666666667
1 0.6359375 0.5729166666666666 0.315625 0.8458333333333333
2 0.675 0.65 0.45625 0.6833333333333333
3 0.6140625 0.6229166666666667 0.746875 0.7458333333333333
5 0.5671875 0.58125 0.440625 0.8208333333333333
6 0.48125 0.5708333333333333 0.46875 0.85
7 0.584375 0.6708333333333333 0.35 0.65
8 0.6265625 0.6770833333333334 0.403125 0.6291666666666667
10 0.475 0.6375 0.43125 0.7166666666666667
13 0.728125 0.42083333333333334 0.5375 0.44166666666666665
14 0.65625 0.6520833333333333 0.68125 0.45416666666666666
16 0.55625 0.5833333333333334 0.2875 0.825
17 0.615625 0.5833333333333334 0.4 0.825
18 0.41875 0.6604166666666667 0.3125 0.6708333333333333
19 0.7078125 0.6458333333333334 0.571875 0.7
20 0.66875 0.65 0.64375 0.6916666666666667
1 0.6359375 0.5729166666666666 0.315625 0.8458333333333333
2 0.675 0.65 0.45625 0.6833333333333333
3 0.6140625 0.6229166666666667 0.746875 0.7458333333333333
5 0.5671875 0.58125 0.440625 0.8208333333333333
6 0.48125 0.5708333333333333 0.46875 0.85
7 0.584375 0.6708333333333333 0.35 0.65
8 0.6265625 0.6770833333333334 0.403125 0.6291666666666667
10 0.475 0.6375 0.43125 0.7166666666666667
13 0.728125 0.42083333333333334 0.5375 0.44166666666666665
14 0.65625 0.6520833333333333 0.68125 0.45416666666666666
16 0.55625 0.5833333333333334 0.2875 0.825
17 0.615625 0.5833333333333334 0.4 0.825
18 0.41875 0.6604166666666667 0.3125 0.6708333333333333
19 0.7078125 0.6458333333333334 0.571875 0.7
20 0.66875 0.65 0.64375 0.6916666666666667
22 0.6375 0.6208333333333333 0.31875 0.75
