1 0.6484375 0.5625 0.315625 0.8666666666666667
2 0.665625 0.6625 0.45625 0.6583333333333333
3 0.6015625 0.6104166666666667 0.753125 0.7708333333333334
5 0.578125 0.5729166666666666 0.44375 0.8458333333333333
6 0.5 0.5666666666666667 0.49375 0.85
7 0.5734375 0.6583333333333333 0.365625 0.675
8 0.6328125 0.6416666666666667 0.390625 0.7083333333333334
1 0.6484375 0.5625 0.315625 0.8666666666666667
2 0.665625 0.6625 0.45625 0.6583333333333333
3 0.6015625 0.6104166666666667 0.753125 0.7708333333333334
5 0.578125 0.5729166666666666 0.44375 0.8458333333333333
6 0.5 0.5666666666666667 0.49375 0.85
7 0.5734375 0.6583333333333333 0.365625 0.675
8 0.6328125 0.6416666666666667 0.390625 0.7083333333333334
9 0.7015625 0.675 0.590625 0.6333333333333333
10 0.446875 0.63125 0.41875 0.7208333333333333
13 0.725 0.42083333333333334 0.54375 0.44166666666666665
14 0.6625 0.6291666666666667 0.66875 0.44166666666666665
16 0.5609375 0.5791666666666667 0.290625 0.8333333333333334
17 0.6296875 0.5854166666666667 0.415625 0.8208333333333333
18 0.403125 0.6875 0.30625 0.6166666666666667
19 0.709375 0.64375 0.56875 0.7041666666666667
20 0.675 0.6416666666666667 0.6375 0.7
1 0.6484375 0.5625 0.315625 0.8666666666666667
2 0.665625 0.6625 0.45625 0.6583333333333333
3 0.6015625 0.6104166666666667 0.753125 0.7708333333333334
5 0.578125 0.5729166666666666 0.44375 0.8458333333333333
6 0.5 0.5666666666666667 0.49375 0.85
7 0.5734375 0.6583333333333333 0.365625 0.675
8 0.6328125 0.6416666666666667 0.390625 0.7083333333333334
9 0.7015625 0.675 0.590625 0.6333333333333333
10 0.446875 0.63125 0.41875 0.7208333333333333
13 0.725 0.42083333333333334 0.54375 0.44166666666666665
14 0.6625 0.6291666666666667 0.66875 0.44166666666666665
16 0.5609375 0.5791666666666667 0.290625 0.8333333333333334
17 0.6296875 0.5854166666666667 0.415625 0.8208333333333333
18 0.403125 0.6875 0.30625 0.6166666666666667
19 0.709375 0.64375 0.56875 0.7041666666666667
20 0.675 0.6416666666666667 0.6375 0.7
22 0.6421875 0.6166666666666667 0.309375 0.75
