0 0.571875 0.66875 0.5625 0.6541666666666667
0 0.571875 0.66875 0.5625 0.6541666666666667
2 0.66875 0.6625 0.45625 0.6666666666666666
3 0.5984375 0.6208333333333333 0.759375 0.75
5 0.5796875 0.5645833333333333 0.446875 0.8541666666666666
6 0.5390625 0.5791666666666667 0.615625 0.825
8 0.621875 0.7166666666666667 0.38125 0.5583333333333333
0 0.571875 0.66875 0.5625 0.6541666666666667
2 0.66875 0.6625 0.45625 0.6666666666666666
3 0.5984375 0.6208333333333333 0.759375 0.75
5 0.5796875 0.5645833333333333 0.446875 0.8541666666666666
6 0.5390625 0.5791666666666667 0.615625 0.825
8 0.621875 0.7166666666666667 0.38125 0.5583333333333333
10 0.375 0.63125 0.38125 0.7208333333333333
13 0.7265625 0.4166666666666667 0.540625 0.44166666666666665
14 0.6640625 0.6208333333333333 0.665625 0.44166666666666665
16 0.553125 0.5791666666666667 0.3 0.8333333333333334
18 0.3859375 0.6895833333333333 0.315625 0.6125
19 0.7078125 0.6479166666666667 0.571875 0.6958333333333333
20 0.5671875 0.6291666666666667 0.515625 0.725
0 0.571875 0.66875 0.5625 0.6541666666666667
2 0.66875 0.6625 0.45625 0.6666666666666666
3 0.5984375 0.6208333333333333 0.759375 0.75
5 0.5796875 0.5645833333333333 0.446875 0.8541666666666666
6 0.5390625 0.5791666666666667 0.615625 0.825
8 0.621875 0.7166666666666667 0.38125 0.5583333333333333
10 0.375 0.63125 0.38125 0.7208333333333333
13 0.7265625 0.4166666666666667 0.540625 0.44166666666666665
14 0.6640625 0.6208333333333333 0.665625 0.44166666666666665
16 0.553125 0.5791666666666667 0.3 0.8333333333333334
18 0.3859375 0.6895833333333333 0.315625 0.6125
19 0.7078125 0.6479166666666667 0.571875 0.6958333333333333
20 0.5671875 0.6291666666666667 0.515625 0.725
22 0.6390625 0.6270833333333333 0.309375 0.7291666666666666
