0 0.4390625 0.6104166666666667 0.490625 0.7708333333333334
0 0.4390625 0.6104166666666667 0.490625 0.7708333333333334
2 0.6765625 0.6458333333333334 0.453125 0.6916666666666667
3 0.6046875 0.6166666666666667 0.753125 0.7583333333333333
5 0.5578125 0.5833333333333334 0.428125 0.825
6 0.446875 0.59375 0.41875 0.8041666666666667
8 0.5921875 0.6604166666666667 0.453125 0.6708333333333333
0 0.4390625 0.6104166666666667 0.490625 0.7708333333333334
2 0.6765625 0.6458333333333334 0.453125 0.6916666666666667
3 0.6046875 0.6166666666666667 0.753125 0.7583333333333333
5 0.5578125 0.5833333333333334 0.428125 0.825
6 0.446875 0.59375 0.41875 0.8041666666666667
8 0.5921875 0.6604166666666667 0.453125 0.6708333333333333
10 0.428125 0.6333333333333333 0.4 0.7166666666666667
14 0.646875 0.6541666666666667 0.7 0.475
16 0.5453125 0.5875 0.284375 0.8166666666666667
17 0.609375 0.6104166666666667 0.39375 0.7708333333333334
18 0.4234375 0.6708333333333333 0.309375 0.65
19 0.709375 0.6416666666666667 0.56875 0.7
20 0.6671875 0.6520833333333333 0.659375 0.6875
0 0.4390625 0.6104166666666667 0.490625 0.7708333333333334
2 0.6765625 0.6458333333333334 0.453125 0.6916666666666667
3 0.6046875 0.6166666666666667 0.753125 0.7583333333333333
5 0.5578125 0.5833333333333334 0.428125 0.825
6 0.446875 0.59375 0.41875 0.8041666666666667
8 0.5921875 0.6604166666666667 0.453125 0.6708333333333333
10 0.428125 0.6333333333333333 0.4 0.7166666666666667
14 0.646875 0.6541666666666667 0.7 0.475
16 0.5453125 0.5875 0.284375 0.8166666666666667
17 0.609375 0.6104166666666667 0.39375 0.7708333333333334
18 0.4234375 0.6708333333333333 0.309375 0.65
19 0.709375 0.6416666666666667 0.56875 0.7
20 0.6671875 0.6520833333333333 0.659375 0.6875
22 0.6296875 0.6166666666666667 0.328125 0.75
