2 0.6703125 0.6645833333333333 0.459375 0.6541666666666667
3 0.5984375 0.6166666666666667 0.765625 0.7583333333333333
5 0.5765625 0.5666666666666667 0.446875 0.8583333333333333
6 0.546875 0.5875 0.625 0.8083333333333333
8 0.6296875 0.65 0.371875 0.6833333333333333
2 0.6703125 0.6645833333333333 0.459375 0.6541666666666667
3 0.5984375 0.6166666666666667 0.765625 0.7583333333333333
5 0.5765625 0.5666666666666667 0.446875 0.8583333333333333
6 0.546875 0.5875 0.625 0.8083333333333333
8 0.6296875 0.65 0.371875 0.6833333333333333
10 0.3953125 0.6333333333333333 0.409375 0.725
13 0.7234375 0.4125 0.540625 0.44166666666666665
14 0.6625 0.63125 0.66875 0.45416666666666666
16 0.553125 0.5791666666666667 0.3 0.8333333333333334
17 0.621875 0.5833333333333334 0.425 0.825
18 0.3890625 0.6854166666666667 0.309375 0.6208333333333333
19 0.7109375 0.64375 0.571875 0.6958333333333333
20 0.653125 0.6354166666666666 0.66875 0.7208333333333333
21 0.7671875 0.6625 0.459375 0.6583333333333333
2 0.6703125 0.6645833333333333 0.459375 0.6541666666666667
3 0.5984375 0.6166666666666667 0.765625 0.7583333333333333
5 0.5765625 0.5666666666666667 0.446875 0.8583333333333333
6 0.546875 0.5875 0.625 0.8083333333333333
8 0.6296875 0.65 0.371875 0.6833333333333333
10 0.3953125 0.6333333333333333 0.409375 0.725
13 0.7234375 0.4125 0.540625 0.44166666666666665
14 0.6625 0.63125 0.66875 0.45416666666666666
16 0.553125 0.5791666666666667 0.3 0.8333333333333334
17 0.621875 0.5833333333333334 0.425 0.825
18 0.3890625 0.6854166666666667 0.309375 0.6208333333333333
19 0.7109375 0.64375 0.571875 0.6958333333333333
20 0.653125 0.6354166666666666 0.66875 0.7208333333333333
21 0.7671875 0.6625 0.459375 0.6583333333333333
22 0.640625 0.6208333333333333 0.30625 0.75
