1 0.6265625 0.575 0.309375 0.8416666666666667
3 0.6109375 0.6208333333333333 0.746875 0.75
5 0.5640625 0.5833333333333334 0.440625 0.825
6 0.4640625 0.5833333333333334 0.440625 0.825
7 0.5828125 0.6708333333333333 0.346875 0.65
1 0.6265625 0.575 0.309375 0.8416666666666667
3 0.6109375 0.6208333333333333 0.746875 0.75
5 0.5640625 0.5833333333333334 0.440625 0.825
6 0.4640625 0.5833333333333334 0.440625 0.825
7 0.5828125 0.6708333333333333 0.346875 0.65
10 0.4671875 0.6333333333333333 0.428125 0.7166666666666667
14 0.6515625 0.6520833333333333 0.690625 0.44583333333333336
16 0.559375 0.58125 0.2875 0.8208333333333333
17 0.615625 0.5875 0.39375 0.8166666666666667
18 0.43125 0.65625 0.30625 0.6791666666666667
19 0.70625 0.64375 0.575 0.7041666666666667
20 0.6703125 0.6520833333333333 0.646875 0.6875
1 0.6265625 0.575 0.309375 0.8416666666666667
3 0.6109375 0.6208333333333333 0.746875 0.75
5 0.5640625 0.5833333333333334 0.440625 0.825
6 0.4640625 0.5833333333333334 0.440625 0.825
7 0.5828125 0.6708333333333333 0.346875 0.65
10 0.4671875 0.6333333333333333 0.428125 0.7166666666666667
14 0.6515625 0.6520833333333333 0.690625 0.44583333333333336
16 0.559375 0.58125 0.2875 0.8208333333333333
17 0.615625 0.5875 0.39375 0.8166666666666667
18 0.43125 0.65625 0.30625 0.6791666666666667
19 0.70625 0.64375 0.575 0.7041666666666667
20 0.6703125 0.6520833333333333 0.646875 0.6875
22 0.6359375 0.6208333333333333 0.321875 0.75
