2 0.6765625 0.6458333333333334 0.453125 0.6916666666666667
3 0.60625 0.61875 0.75 0.7541666666666667
5 0.5578125 0.5833333333333334 0.434375 0.825
6 0.4484375 0.5916666666666667 0.421875 0.8083333333333333
8 0.59375 0.63125 0.43125 0.7291666666666666
2 0.6765625 0.6458333333333334 0.453125 0.6916666666666667
3 0.60625 0.61875 0.75 0.7541666666666667
5 0.5578125 0.5833333333333334 0.434375 0.825
6 0.4484375 0.5916666666666667 0.421875 0.8083333333333333
8 0.59375 0.63125 0.43125 0.7291666666666666
10 0.4421875 0.6333333333333333 0.409375 0.7166666666666667
13 0.721875 0.41875 0.54375 0.44583333333333336
14 0.6484375 0.6708333333333333 0.696875 0.4666666666666667
16 0.553125 0.5854166666666667 0.2875 0.8208333333333333
17 0.6140625 0.6041666666666666 0.390625 0.7833333333333333
18 0.428125 0.6666666666666666 0.30625 0.6583333333333333
19 0.709375 0.64375 0.575 0.7041666666666667
20 0.665625 0.6541666666666667 0.65625 0.6833333333333333
21 0.771875 0.675 0.44375 0.6416666666666667
2 0.6765625 0.6458333333333334 0.453125 0.6916666666666667
3 0.60625 0.61875 0.75 0.7541666666666667
5 0.5578125 0.5833333333333334 0.434375 0.825
6 0.4484375 0.5916666666666667 0.421875 0.8083333333333333
8 0.59375 0.63125 0.43125 0.7291666666666666
10 0.4421875 0.6333333333333333 0.409375 0.7166666666666667
13 0.721875 0.41875 0.54375 0.44583333333333336
14 0.6484375 0.6708333333333333 0.696875 0.4666666666666667
16 0.553125 0.5854166666666667 0.2875 0.8208333333333333
17 0.6140625 0.6041666666666666 0.390625 0.7833333333333333
18 0.428125 0.6666666666666666 0.30625 0.6583333333333333
19 0.709375 0.64375 0.575 0.7041666666666667
20 0.665625 0.6541666666666667 0.65625 0.6833333333333333
21 0.771875 0.675 0.44375 0.6416666666666667
22 0.6328125 0.6208333333333333 0.328125 0.75
