3 0.596875 0.6208333333333333 0.74375 0.75
5 0.578125 0.5708333333333333 0.44375 0.85
6 0.5390625 0.5833333333333334 0.609375 0.8166666666666667
7 0.571875 0.6395833333333333 0.3625 0.7125
3 0.596875 0.6208333333333333 0.74375 0.75
5 0.578125 0.5708333333333333 0.44375 0.85
6 0.5390625 0.5833333333333334 0.609375 0.8166666666666667
7 0.571875 0.6395833333333333 0.3625 0.7125
10 0.3640625 0.6333333333333333 0.359375 0.7166666666666667
13 0.7234375 0.4166666666666667 0.546875 0.44166666666666665
14 0.6578125 0.6166666666666667 0.671875 0.45
16 0.553125 0.5833333333333334 0.3 0.825
17 0.615625 0.5875 0.4125 0.8166666666666667
18 0.384375 0.6916666666666667 0.3125 0.6083333333333333
19 0.7078125 0.65625 0.571875 0.6791666666666667
20 0.63125 0.625 0.64375 0.7333333333333333
21 0.759375 0.6645833333333333 0.475 0.6625
3 0.596875 0.6208333333333333 0.74375 0.75
5 0.578125 0.5708333333333333 0.44375 0.85
6 0.5390625 0.5833333333333334 0.609375 0.8166666666666667
7 0.571875 0.6395833333333333 0.3625 0.7125
10 0.3640625 0.6333333333333333 0.359375 0.7166666666666667
13 0.7234375 0.4166666666666667 0.546875 0.44166666666666665
14 0.6578125 0.6166666666666667 0.671875 0.45
16 0.553125 0.5833333333333334 0.3 0.825
17 0.615625 0.5875 0.4125 0.8166666666666667
18 0.384375 0.6916666666666667 0.3125 0.6083333333333333
19 0.7078125 0.65625 0.571875 0.6791666666666667
20 0.63125 0.625 0.64375 0.7333333333333333
21 0.759375 0.6645833333333333 0.475 0.6625
22 0.6359375 0.6291666666666667 0.315625 0.7333333333333333
