0 0.6296875 0.58125 0.571875 0.8208333333333333
0 0.6296875 0.58125 0.571875 0.8208333333333333
2 0.7046875 0.6395833333333333 0.434375 0.7041666666666667
3 0.615625 0.6166666666666667 0.74375 0.7583333333333333
5 0.578125 0.5791666666666667 0.45 0.8333333333333334
6 0.58125 0.5916666666666667 0.675 0.8
0 0.6296875 0.58125 0.571875 0.8208333333333333
2 0.7046875 0.6395833333333333 0.434375 0.7041666666666667
3 0.615625 0.6166666666666667 0.74375 0.7583333333333333
5 0.578125 0.5791666666666667 0.45 0.8333333333333334
6 0.58125 0.5916666666666667 0.675 0.8
10 0.46875 0.6291666666666667 0.425 0.7333333333333333
13 0.671875 0.42291666666666666 0.65 0.4375
14 0.6609375 0.5979166666666667 0.665625 0.4791666666666667
16 0.5390625 0.5895833333333333 0.296875 0.8125
18 0.4078125 0.675 0.315625 0.6416666666666667
19 0.7125 0.6541666666666667 0.5625 0.6833333333333333
20 0.5890625 0.6479166666666667 0.478125 0.6875
0 0.6296875 0.58125 0.571875 0.8208333333333333
2 0.7046875 0.6395833333333333 0.434375 0.7041666666666667
3 0.615625 0.6166666666666667 0.74375 0.7583333333333333
5 0.578125 0.5791666666666667 0.45 0.8333333333333334
6 0.58125 0.5916666666666667 0.675 0.8
10 0.46875 0.6291666666666667 0.425 0.7333333333333333
13 0.671875 0.42291666666666666 0.65 0.4375
14 0.6609375 0.5979166666666667 0.665625 0.4791666666666667
16 0.5390625 0.5895833333333333 0.296875 0.8125
18 0.4078125 0.675 0.315625 0.6416666666666667
19 0.7125 0.6541666666666667 0.5625 0.6833333333333333
20 0.5890625 0.6479166666666667 0.478125 0.6875
22 0.7 0.63125 0.3875 0.7291666666666666
