2 0.7015625 0.6416666666666667 0.434375 0.7
3 0.615625 0.6270833333333333 0.75 0.7291666666666666
5 0.575 0.58125 0.45 0.8291666666666667
6 0.56875 0.5916666666666667 0.65625 0.8
7 0.5828125 0.64375 0.378125 0.7041666666666667
2 0.7015625 0.6416666666666667 0.434375 0.7
3 0.615625 0.6270833333333333 0.75 0.7291666666666666
5 0.575 0.58125 0.45 0.8291666666666667
6 0.56875 0.5916666666666667 0.65625 0.8
7 0.5828125 0.64375 0.378125 0.7041666666666667
10 0.4515625 0.6270833333333333 0.421875 0.7375
13 0.6796875 0.41458333333333336 0.628125 0.44583333333333336
14 0.659375 0.5958333333333333 0.675 0.49166666666666664
15 0.6046875 0.47291666666666665 0.771875 0.9458333333333333
16 0.5484375 0.5895833333333333 0.296875 0.8125
18 0.41875 0.6708333333333333 0.3125 0.65
19 0.7125 0.6520833333333333 0.5625 0.6875
20 0.678125 0.6375 0.63125 0.7083333333333334
2 0.7015625 0.6416666666666667 0.434375 0.7
3 0.615625 0.6270833333333333 0.75 0.7291666666666666
5 0.575 0.58125 0.45 0.8291666666666667
6 0.56875 0.5916666666666667 0.65625 0.8
7 0.5828125 0.64375 0.378125 0.7041666666666667
10 0.4515625 0.6270833333333333 0.421875 0.7375
13 0.6796875 0.41458333333333336 0.628125 0.44583333333333336
14 0.659375 0.5958333333333333 0.675 0.49166666666666664
15 0.6046875 0.47291666666666665 0.771875 0.9458333333333333
16 0.5484375 0.5895833333333333 0.296875 0.8125
18 0.41875 0.6708333333333333 0.3125 0.65
19 0.7125 0.6520833333333333 0.5625 0.6875
20 0.678125 0.6375 0.63125 0.7083333333333334
22 0.65 0.6354166666666666 0.28125 0.7208333333333333
