0 0.625 0.5875 0.56875 0.8166666666666667
0 0.625 0.5875 0.56875 0.8166666666666667
2 0.6953125 0.6458333333333334 0.434375 0.7
3 0.6125 0.6333333333333333 0.75 0.7166666666666667
5 0.571875 0.5770833333333333 0.45 0.8291666666666667
6 0.5515625 0.5895833333333333 0.621875 0.8041666666666667
0 0.625 0.5875 0.56875 0.8166666666666667
2 0.6953125 0.6458333333333334 0.434375 0.7
3 0.6125 0.6333333333333333 0.75 0.7166666666666667
5 0.571875 0.5770833333333333 0.45 0.8291666666666667
6 0.5515625 0.5895833333333333 0.621875 0.8041666666666667
10 0.44375 0.6270833333333333 0.4125 0.7375
11 0.63125 0.6354166666666666 0.73125 0.7125
13 0.6921875 0.41041666666666665 0.609375 0.45416666666666666
14 0.653125 0.6104166666666667 0.6875 0.5541666666666667
16 0.55625 0.5854166666666667 0.29375 0.8208333333333333
18 0.43125 0.6645833333333333 0.31875 0.6625
19 0.709375 0.65 0.56875 0.6833333333333333
20 0.5953125 0.6354166666666666 0.465625 0.7125
0 0.625 0.5875 0.56875 0.8166666666666667
2 0.6953125 0.6458333333333334 0.434375 0.7
3 0.6125 0.6333333333333333 0.75 0.7166666666666667
5 0.571875 0.5770833333333333 0.45 0.8291666666666667
6 0.5515625 0.5895833333333333 0.621875 0.8041666666666667
10 0.44375 0.6270833333333333 0.4125 0.7375
11 0.63125 0.6354166666666666 0.73125 0.7125
13 0.6921875 0.41041666666666665 0.609375 0.45416666666666666
14 0.653125 0.6104166666666667 0.6875 0.5541666666666667
16 0.55625 0.5854166666666667 0.29375 0.8208333333333333
18 0.43125 0.6645833333333333 0.31875 0.6625
19 0.709375 0.65 0.56875 0.6833333333333333
20 0.5953125 0.6354166666666666 0.465625 0.7125
22 0.74375 0.6354166666666666 0.475 0.7208333333333333
