3 0.603125 0.6291666666666667 0.75 0.725
5 0.5765625 0.5708333333333333 0.446875 0.85
6 0.5421875 0.5854166666666667 0.596875 0.8125
3 0.603125 0.6291666666666667 0.75 0.725
5 0.5765625 0.5708333333333333 0.446875 0.85
6 0.5421875 0.5854166666666667 0.596875 0.8125
10 0.38125 0.6354166666666666 0.375 0.7208333333333333
13 0.721875 0.42083333333333334 0.55 0.44166666666666665
14 0.65 0.6083333333333333 0.6875 0.5083333333333333
15 0.078125 0.8145833333333333 0.15625 0.3541666666666667
16 0.559375 0.58125 0.29375 0.8291666666666667
18 0.403125 0.6791666666666667 0.30625 0.6333333333333333
19 0.7078125 0.6604166666666667 0.578125 0.6708333333333333
20 0.6140625 0.6208333333333333 0.603125 0.7416666666666667
3 0.603125 0.6291666666666667 0.75 0.725
5 0.5765625 0.5708333333333333 0.446875 0.85
6 0.5421875 0.5854166666666667 0.596875 0.8125
10 0.38125 0.6354166666666666 0.375 0.7208333333333333
13 0.721875 0.42083333333333334 0.55 0.44166666666666665
14 0.65 0.6083333333333333 0.6875 0.5083333333333333
15 0.078125 0.8145833333333333 0.15625 0.3541666666666667
16 0.559375 0.58125 0.29375 0.8291666666666667
18 0.403125 0.6791666666666667 0.30625 0.6333333333333333
19 0.7078125 0.6604166666666667 0.578125 0.6708333333333333
20 0.6140625 0.6208333333333333 0.603125 0.7416666666666667
22 0.64375 0.6333333333333333 0.3 0.725
