0 0.628125 0.5770833333333333 0.59375 0.8375
0 0.628125 0.5770833333333333 0.59375 0.8375
2 0.6765625 0.6604166666666667 0.453125 0.6625
3 0.6 0.6291666666666667 0.75 0.7333333333333333
5 0.5765625 0.5729166666666666 0.446875 0.8458333333333333
6 0.54375 0.5875 0.6125 0.8083333333333333
7 0.575 0.6416666666666667 0.3625 0.7083333333333334
8 0.5984375 0.6958333333333333 0.390625 0.6
0 0.628125 0.5770833333333333 0.59375 0.8375
2 0.6765625 0.6604166666666667 0.453125 0.6625
3 0.6 0.6291666666666667 0.75 0.7333333333333333
5 0.5765625 0.5729166666666666 0.446875 0.8458333333333333
6 0.54375 0.5875 0.6125 0.8083333333333333
7 0.575 0.6416666666666667 0.3625 0.7083333333333334
8 0.5984375 0.6958333333333333 0.390625 0.6
10 0.3625 0.6354166666666666 0.36875 0.7208333333333333
13 0.725 0.41458333333333336 0.54375 0.44583333333333336
14 0.6546875 0.6208333333333333 0.684375 0.49166666666666664
15 0.0640625 0.8145833333333333 0.128125 0.3625
16 0.5578125 0.58125 0.296875 0.8291666666666667
18 0.3953125 0.6833333333333333 0.309375 0.6166666666666667
19 0.7078125 0.6583333333333333 0.578125 0.6666666666666666
20 0.6109375 0.6229166666666667 0.590625 0.7375
0 0.628125 0.5770833333333333 0.59375 0.8375
2 0.6765625 0.6604166666666667 0.453125 0.6625
3 0.6 0.6291666666666667 0.75 0.7333333333333333
5 0.5765625 0.5729166666666666 0.446875 0.8458333333333333
6 0.54375 0.5875 0.6125 0.8083333333333333
7 0.575 0.6416666666666667 0.3625 0.7083333333333334
8 0.5984375 0.6958333333333333 0.390625 0.6
10 0.3625 0.6354166666666666 0.36875 0.7208333333333333
13 0.725 0.41458333333333336 0.54375 0.44583333333333336
14 0.6546875 0.6208333333333333 0.684375 0.49166666666666664
15 0.0640625 0.8145833333333333 0.128125 0.3625
16 0.5578125 0.58125 0.296875 0.8291666666666667
18 0.3953125 0.6833333333333333 0.309375 0.6166666666666667
19 0.7078125 0.6583333333333333 0.578125 0.6666666666666666
20 0.6109375 0.6229166666666667 0.590625 0.7375
22 0.6375 0.6291666666666667 0.30625 0.7333333333333333
