0 0.63125 0.5645833333333333 0.6 0.8625
0 0.63125 0.5645833333333333 0.6 0.8625
2 0.68125 0.6520833333333333 0.44375 0.6875
3 0.60625 0.6354166666666666 0.75625 0.7208333333333333
5 0.575 0.5708333333333333 0.45 0.85
6 0.55 0.5875 0.6 0.8083333333333333
8 0.60625 0.66875 0.36875 0.6458333333333334
0 0.63125 0.5645833333333333 0.6 0.8625
2 0.68125 0.6520833333333333 0.44375 0.6875
3 0.60625 0.6354166666666666 0.75625 0.7208333333333333
5 0.575 0.5708333333333333 0.45 0.85
6 0.55 0.5875 0.6 0.8083333333333333
8 0.60625 0.66875 0.36875 0.6458333333333334
10 0.3921875 0.6333333333333333 0.403125 0.725
14 0.65 0.61875 0.69375 0.5791666666666667
15 0.0765625 0.8104166666666667 0.153125 0.37083333333333335
16 0.559375 0.5854166666666667 0.29375 0.8208333333333333
18 0.415625 0.675 0.31875 0.6416666666666667
19 0.709375 0.6541666666666667 0.575 0.675
20 0.5890625 0.61875 0.565625 0.7458333333333333
21 0.696875 0.6666666666666666 0.3375 0.6583333333333333
0 0.63125 0.5645833333333333 0.6 0.8625
2 0.68125 0.6520833333333333 0.44375 0.6875
3 0.60625 0.6354166666666666 0.75625 0.7208333333333333
5 0.575 0.5708333333333333 0.45 0.85
6 0.55 0.5875 0.6 0.8083333333333333
8 0.60625 0.66875 0.36875 0.6458333333333334
10 0.3921875 0.6333333333333333 0.403125 0.725
14 0.65 0.61875 0.69375 0.5791666666666667
15 0.0765625 0.8104166666666667 0.153125 0.37083333333333335
16 0.559375 0.5854166666666667 0.29375 0.8208333333333333
18 0.415625 0.675 0.31875 0.6416666666666667
19 0.709375 0.6541666666666667 0.575 0.675
20 0.5890625 0.61875 0.565625 0.7458333333333333
21 0.696875 0.6666666666666666 0.3375 0.6583333333333333
22 0.6484375 0.63125 0.296875 0.7291666666666666
