2 0.6859375 0.6520833333333333 0.446875 0.6875
3 0.6109375 0.6375 0.753125 0.7083333333333334
5 0.575 0.58125 0.45 0.8291666666666667
6 0.584375 0.5895833333333333 0.66875 0.8125
2 0.6859375 0.6520833333333333 0.446875 0.6875
3 0.6109375 0.6375 0.753125 0.7083333333333334
5 0.575 0.58125 0.45 0.8291666666666667
6 0.584375 0.5895833333333333 0.66875 0.8125
10 0.40625 0.6291666666666667 0.41875 0.725
14 0.6484375 0.6145833333333334 0.696875 0.5958333333333333
15 0.078125 0.8020833333333334 0.15625 0.37916666666666665
16 0.559375 0.5854166666666667 0.29375 0.8208333333333333
18 0.41875 0.6916666666666667 0.3125 0.6083333333333333
19 0.7109375 0.6583333333333333 0.571875 0.6666666666666666
20 0.5890625 0.6270833333333333 0.478125 0.7375
21 0.696875 0.6708333333333333 0.3375 0.65
2 0.6859375 0.6520833333333333 0.446875 0.6875
3 0.6109375 0.6375 0.753125 0.7083333333333334
5 0.575 0.58125 0.45 0.8291666666666667
6 0.584375 0.5895833333333333 0.66875 0.8125
10 0.40625 0.6291666666666667 0.41875 0.725
14 0.6484375 0.6145833333333334 0.696875 0.5958333333333333
15 0.078125 0.8020833333333334 0.15625 0.37916666666666665
16 0.559375 0.5854166666666667 0.29375 0.8208333333333333
18 0.41875 0.6916666666666667 0.3125 0.6083333333333333
19 0.7109375 0.6583333333333333 0.571875 0.6666666666666666
20 0.5890625 0.6270833333333333 0.478125 0.7375
21 0.696875 0.6708333333333333 0.3375 0.65
22 0.64375 0.6333333333333333 0.2875 0.725
