2 0.6890625 0.6479166666666667 0.440625 0.6875
3 0.603125 0.6395833333333333 0.7375 0.7125
5 0.5703125 0.5791666666666667 0.446875 0.8333333333333334
6 0.5640625 0.5875 0.640625 0.8083333333333333
8 0.6234375 0.6354166666666666 0.390625 0.7208333333333333
2 0.6890625 0.6479166666666667 0.440625 0.6875
3 0.603125 0.6395833333333333 0.7375 0.7125
5 0.5703125 0.5791666666666667 0.446875 0.8333333333333334
6 0.5640625 0.5875 0.640625 0.8083333333333333
8 0.6234375 0.6354166666666666 0.390625 0.7208333333333333
10 0.4265625 0.6270833333333333 0.409375 0.7291666666666666
13 0.703125 0.4125 0.5875 0.44166666666666665
14 0.6484375 0.6041666666666666 0.696875 0.575
16 0.55625 0.5895833333333333 0.29375 0.8125
18 0.4296875 0.6958333333333333 0.315625 0.6
19 0.709375 0.65625 0.56875 0.6791666666666667
20 0.5859375 0.6291666666666667 0.459375 0.725
2 0.6890625 0.6479166666666667 0.440625 0.6875
3 0.603125 0.6395833333333333 0.7375 0.7125
5 0.5703125 0.5791666666666667 0.446875 0.8333333333333334
6 0.5640625 0.5875 0.640625 0.8083333333333333
8 0.6234375 0.6354166666666666 0.390625 0.7208333333333333
10 0.4265625 0.6270833333333333 0.409375 0.7291666666666666
13 0.703125 0.4125 0.5875 0.44166666666666665
14 0.6484375 0.6041666666666666 0.696875 0.575
16 0.55625 0.5895833333333333 0.29375 0.8125
18 0.4296875 0.6958333333333333 0.315625 0.6
19 0.709375 0.65625 0.56875 0.6791666666666667
20 0.5859375 0.6291666666666667 0.459375 0.725
22 0.646875 0.6416666666666667 0.29375 0.7083333333333334
