1 0.6328125 0.56875 0.334375 0.8541666666666666
2 0.7078125 0.6333333333333333 0.434375 0.7166666666666667
3 0.621875 0.6041666666666666 0.74375 0.7833333333333333
5 0.578125 0.5708333333333333 0.45 0.85
6 0.571875 0.5895833333333333 0.64375 0.8041666666666667
8 0.5953125 0.61875 0.415625 0.7541666666666667
1 0.6328125 0.56875 0.334375 0.8541666666666666
2 0.7078125 0.6333333333333333 0.434375 0.7166666666666667
3 0.621875 0.6041666666666666 0.74375 0.7833333333333333
5 0.578125 0.5708333333333333 0.45 0.85
6 0.571875 0.5895833333333333 0.64375 0.8041666666666667
8 0.5953125 0.61875 0.415625 0.7541666666666667
10 0.4953125 0.63125 0.415625 0.7291666666666666
13 0.6703125 0.4270833333333333 0.653125 0.4375
14 0.6625 0.5958333333333333 0.66875 0.4666666666666667
16 0.53125 0.5916666666666667 0.29375 0.8083333333333333
18 0.4015625 0.6833333333333333 0.309375 0.625
19 0.7125 0.65625 0.5625 0.6791666666666667
20 0.5953125 0.6416666666666667 0.471875 0.7
1 0.6328125 0.56875 0.334375 0.8541666666666666
2 0.7078125 0.6333333333333333 0.434375 0.7166666666666667
3 0.621875 0.6041666666666666 0.74375 0.7833333333333333
5 0.578125 0.5708333333333333 0.45 0.85
6 0.571875 0.5895833333333333 0.64375 0.8041666666666667
8 0.5953125 0.61875 0.415625 0.7541666666666667
10 0.4953125 0.63125 0.415625 0.7291666666666666
13 0.6703125 0.4270833333333333 0.653125 0.4375
14 0.6625 0.5958333333333333 0.66875 0.4666666666666667
16 0.53125 0.5916666666666667 0.29375 0.8083333333333333
18 0.4015625 0.6833333333333333 0.309375 0.625
19 0.7125 0.65625 0.5625 0.6791666666666667
20 0.5953125 0.6416666666666667 0.471875 0.7
22 0.65 0.63125 0.2875 0.7291666666666666
