2 0.7046875 0.6354166666666666 0.428125 0.7125
3 0.609375 0.6 0.73125 0.7916666666666666
5 0.5875 0.5666666666666667 0.4625 0.8583333333333333
6 0.5421875 0.6125 0.596875 0.7583333333333333
7 0.5921875 0.65 0.365625 0.6916666666666667
2 0.7046875 0.6354166666666666 0.428125 0.7125
3 0.609375 0.6 0.73125 0.7916666666666666
5 0.5875 0.5666666666666667 0.4625 0.8583333333333333
6 0.5421875 0.6125 0.596875 0.7583333333333333
7 0.5921875 0.65 0.365625 0.6916666666666667
10 0.5125 0.63125 0.43125 0.7208333333333333
11 0.671875 0.7 0.65 0.5916666666666667
13 0.671875 0.42291666666666666 0.65 0.4375
14 0.6703125 0.5854166666666667 0.653125 0.45416666666666666
16 0.509375 0.5958333333333333 0.28125 0.7916666666666666
18 0.3921875 0.6916666666666667 0.315625 0.6083333333333333
19 0.7046875 0.6604166666666667 0.578125 0.6708333333333333
20 0.590625 0.625 0.44375 0.7333333333333333
2 0.7046875 0.6354166666666666 0.428125 0.7125
3 0.609375 0.6 0.73125 0.7916666666666666
5 0.5875 0.5666666666666667 0.4625 0.8583333333333333
6 0.5421875 0.6125 0.596875 0.7583333333333333
7 0.5921875 0.65 0.365625 0.6916666666666667
10 0.5125 0.63125 0.43125 0.7208333333333333
11 0.671875 0.7 0.65 0.5916666666666667
13 0.671875 0.42291666666666666 0.65 0.4375
14 0.6703125 0.5854166666666667 0.653125 0.45416666666666666
16 0.509375 0.5958333333333333 0.28125 0.7916666666666666
18 0.3921875 0.6916666666666667 0.315625 0.6083333333333333
19 0.7046875 0.6604166666666667 0.578125 0.6708333333333333
20 0.590625 0.625 0.44375 0.7333333333333333
22 0.7515625 0.63125 0.490625 0.7208333333333333
