2 0.6953125 0.6375 0.434375 0.7083333333333334
3 0.6078125 0.6083333333333333 0.753125 0.775
5 0.5890625 0.5666666666666667 0.465625 0.85
6 0.4671875 0.63125 0.459375 0.7291666666666666
2 0.6953125 0.6375 0.434375 0.7083333333333334
3 0.6078125 0.6083333333333333 0.753125 0.775
5 0.5890625 0.5666666666666667 0.465625 0.85
6 0.4671875 0.63125 0.459375 0.7291666666666666
10 0.5171875 0.6333333333333333 0.428125 0.7166666666666667
13 0.68125 0.4166666666666667 0.63125 0.44166666666666665
14 0.6625 0.5958333333333333 0.6625 0.5
16 0.484375 0.60625 0.28125 0.7708333333333334
18 0.4109375 0.6791666666666667 0.315625 0.6333333333333333
19 0.703125 0.6625 0.58125 0.6666666666666666
20 0.678125 0.63125 0.6375 0.7291666666666666
2 0.6953125 0.6375 0.434375 0.7083333333333334
3 0.6078125 0.6083333333333333 0.753125 0.775
5 0.5890625 0.5666666666666667 0.465625 0.85
6 0.4671875 0.63125 0.459375 0.7291666666666666
10 0.5171875 0.6333333333333333 0.428125 0.7166666666666667
13 0.68125 0.4166666666666667 0.63125 0.44166666666666665
14 0.6625 0.5958333333333333 0.6625 0.5
16 0.484375 0.60625 0.28125 0.7708333333333334
18 0.4109375 0.6791666666666667 0.315625 0.6333333333333333
19 0.703125 0.6625 0.58125 0.6666666666666666
20 0.678125 0.63125 0.6375 0.7291666666666666
22 0.6625 0.6208333333333333 0.275 0.7416666666666667
