0 0.64375 0.575 0.58125 0.8416666666666667
0 0.64375 0.575 0.58125 0.8416666666666667
2 0.703125 0.6354166666666666 0.43125 0.7125
3 0.621875 0.5916666666666667 0.7375 0.8
5 0.5828125 0.5645833333333333 0.459375 0.8541666666666666
6 0.546875 0.6020833333333333 0.6 0.7791666666666667
0 0.64375 0.575 0.58125 0.8416666666666667
2 0.703125 0.6354166666666666 0.43125 0.7125
3 0.621875 0.5916666666666667 0.7375 0.8
5 0.5828125 0.5645833333333333 0.459375 0.8541666666666666
6 0.546875 0.6020833333333333 0.6 0.7791666666666667
10 0.5109375 0.6333333333333333 0.434375 0.725
13 0.671875 0.425 0.65 0.43333333333333335
14 0.6703125 0.5875 0.653125 0.4583333333333333
16 0.509375 0.59375 0.2875 0.7958333333333333
17 0.59375 0.5875 0.44375 0.8166666666666667
18 0.39375 0.6875 0.3125 0.6166666666666667
19 0.7046875 0.6625 0.578125 0.6666666666666666
20 0.6859375 0.63125 0.621875 0.7291666666666666
0 0.64375 0.575 0.58125 0.8416666666666667
2 0.703125 0.6354166666666666 0.43125 0.7125
3 0.621875 0.5916666666666667 0.7375 0.8
5 0.5828125 0.5645833333333333 0.459375 0.8541666666666666
6 0.546875 0.6020833333333333 0.6 0.7791666666666667
10 0.5109375 0.6333333333333333 0.434375 0.725
13 0.671875 0.425 0.65 0.43333333333333335
14 0.6703125 0.5875 0.653125 0.4583333333333333
16 0.509375 0.59375 0.2875 0.7958333333333333
17 0.59375 0.5875 0.44375 0.8166666666666667
18 0.39375 0.6875 0.3125 0.6166666666666667
19 0.7046875 0.6625 0.578125 0.6666666666666666
20 0.6859375 0.63125 0.621875 0.7291666666666666
22 0.6484375 0.6333333333333333 0.296875 0.725
