0 0.64375 0.575 0.575 0.8416666666666667
0 0.64375 0.575 0.575 0.8416666666666667
2 0.7046875 0.6375 0.434375 0.7083333333333334
3 0.6203125 0.5979166666666667 0.721875 0.7958333333333333
5 0.584375 0.5666666666666667 0.45625 0.8583333333333333
6 0.575 0.6041666666666666 0.65625 0.7833333333333333
8 0.5453125 0.625 0.396875 0.7416666666666667
0 0.64375 0.575 0.575 0.8416666666666667
2 0.7046875 0.6375 0.434375 0.7083333333333334
3 0.6203125 0.5979166666666667 0.721875 0.7958333333333333
5 0.584375 0.5666666666666667 0.45625 0.8583333333333333
6 0.575 0.6041666666666666 0.65625 0.7833333333333333
8 0.5453125 0.625 0.396875 0.7416666666666667
10 0.50625 0.6333333333333333 0.425 0.725
13 0.66875 0.425 0.65 0.43333333333333335
14 0.66875 0.5916666666666667 0.65625 0.4583333333333333
16 0.5265625 0.5916666666666667 0.290625 0.8083333333333333
18 0.396875 0.6833333333333333 0.30625 0.6166666666666667
19 0.70625 0.65625 0.575 0.6791666666666667
20 0.5890625 0.6333333333333333 0.459375 0.725
21 0.7671875 0.6708333333333333 0.459375 0.65
0 0.64375 0.575 0.575 0.8416666666666667
2 0.7046875 0.6375 0.434375 0.7083333333333334
3 0.6203125 0.5979166666666667 0.721875 0.7958333333333333
5 0.584375 0.5666666666666667 0.45625 0.8583333333333333
6 0.575 0.6041666666666666 0.65625 0.7833333333333333
8 0.5453125 0.625 0.396875 0.7416666666666667
10 0.50625 0.6333333333333333 0.425 0.725
13 0.66875 0.425 0.65 0.43333333333333335
14 0.66875 0.5916666666666667 0.65625 0.4583333333333333
16 0.5265625 0.5916666666666667 0.290625 0.8083333333333333
18 0.396875 0.6833333333333333 0.30625 0.6166666666666667
19 0.70625 0.65625 0.575 0.6791666666666667
20 0.5890625 0.6333333333333333 0.459375 0.725
21 0.7671875 0.6708333333333333 0.459375 0.65
