1 0.6703125 0.5354166666666667 0.340625 0.9208333333333333
2 0.7015625 0.6375 0.434375 0.7083333333333334
3 0.6109375 0.6041666666666666 0.759375 0.7833333333333333
5 0.5890625 0.5666666666666667 0.465625 0.8583333333333333
6 0.4984375 0.6208333333333333 0.509375 0.7416666666666667
8 0.4125 0.6083333333333333 0.33125 0.775
1 0.6703125 0.5354166666666667 0.340625 0.9208333333333333
2 0.7015625 0.6375 0.434375 0.7083333333333334
3 0.6109375 0.6041666666666666 0.759375 0.7833333333333333
5 0.5890625 0.5666666666666667 0.465625 0.8583333333333333
6 0.4984375 0.6208333333333333 0.509375 0.7416666666666667
8 0.4125 0.6083333333333333 0.33125 0.775
10 0.5234375 0.6333333333333333 0.440625 0.7166666666666667
13 0.6796875 0.4166666666666667 0.634375 0.44166666666666665
14 0.665625 0.5854166666666667 0.65625 0.4708333333333333
16 0.5 0.60625 0.2875 0.7791666666666667
18 0.4015625 0.6875 0.309375 0.6166666666666667
19 0.70625 0.6604166666666667 0.58125 0.6708333333333333
20 0.5921875 0.6291666666666667 0.446875 0.7333333333333333
1 0.6703125 0.5354166666666667 0.340625 0.9208333333333333
2 0.7015625 0.6375 0.434375 0.7083333333333334
3 0.6109375 0.6041666666666666 0.759375 0.7833333333333333
5 0.5890625 0.5666666666666667 0.465625 0.8583333333333333
6 0.4984375 0.6208333333333333 0.509375 0.7416666666666667
8 0.4125 0.6083333333333333 0.33125 0.775
10 0.5234375 0.6333333333333333 0.440625 0.7166666666666667
13 0.6796875 0.4166666666666667 0.634375 0.44166666666666665
14 0.665625 0.5854166666666667 0.65625 0.4708333333333333
16 0.5 0.60625 0.2875 0.7791666666666667
18 0.4015625 0.6875 0.309375 0.6166666666666667
19 0.70625 0.6604166666666667 0.58125 0.6708333333333333
20 0.5921875 0.6291666666666667 0.446875 0.7333333333333333
22 0.75625 0.625 0.48125 0.7333333333333333
