2 0.6546875 0.6458333333333334 0.465625 0.6916666666666667
3 0.6109375 0.6125 0.753125 0.7666666666666667
5 0.5875 0.5729166666666666 0.4625 0.8375
6 0.4453125 0.6395833333333333 0.428125 0.7125
7 0.5859375 0.63125 0.346875 0.7291666666666666
8 0.43125 0.6104166666666667 0.36875 0.7708333333333334
2 0.6546875 0.6458333333333334 0.465625 0.6916666666666667
3 0.6109375 0.6125 0.753125 0.7666666666666667
5 0.5875 0.5729166666666666 0.4625 0.8375
6 0.4453125 0.6395833333333333 0.428125 0.7125
7 0.5859375 0.63125 0.346875 0.7291666666666666
8 0.43125 0.6104166666666667 0.36875 0.7708333333333334
10 0.4421875 0.6354166666666666 0.409375 0.7208333333333333
11 0.6484375 0.6729166666666667 0.690625 0.5958333333333333
13 0.7078125 0.41458333333333336 0.578125 0.5041666666666667
14 0.6546875 0.5791666666666667 0.684375 0.5333333333333333
16 0.484375 0.6083333333333333 0.28125 0.7666666666666667
17 0.58125 0.5916666666666667 0.45625 0.8
18 0.43125 0.6395833333333333 0.35625 0.7125
19 0.70625 0.65625 0.58125 0.6708333333333333
20 0.646875 0.65 0.6875 0.6916666666666667
2 0.6546875 0.6458333333333334 0.465625 0.6916666666666667
3 0.6109375 0.6125 0.753125 0.7666666666666667
5 0.5875 0.5729166666666666 0.4625 0.8375
6 0.4453125 0.6395833333333333 0.428125 0.7125
7 0.5859375 0.63125 0.346875 0.7291666666666666
8 0.43125 0.6104166666666667 0.36875 0.7708333333333334
10 0.4421875 0.6354166666666666 0.409375 0.7208333333333333
11 0.6484375 0.6729166666666667 0.690625 0.5958333333333333
13 0.7078125 0.41458333333333336 0.578125 0.5041666666666667
14 0.6546875 0.5791666666666667 0.684375 0.5333333333333333
16 0.484375 0.6083333333333333 0.28125 0.7666666666666667
17 0.58125 0.5916666666666667 0.45625 0.8
18 0.43125 0.6395833333333333 0.35625 0.7125
19 0.70625 0.65625 0.58125 0.6708333333333333
20 0.646875 0.65 0.6875 0.6916666666666667
22 0.6703125 0.6020833333333333 0.278125 0.7791666666666667
