1 0.678125 0.5479166666666667 0.34375 0.8958333333333334
2 0.6796875 0.64375 0.453125 0.6958333333333333
3 0.609375 0.6083333333333333 0.7625 0.775
5 0.5890625 0.5645833333333333 0.465625 0.8541666666666666
6 0.4671875 0.6333333333333333 0.459375 0.725
8 0.41875 0.6604166666666667 0.35 0.6708333333333333
1 0.678125 0.5479166666666667 0.34375 0.8958333333333334
2 0.6796875 0.64375 0.453125 0.6958333333333333
3 0.609375 0.6083333333333333 0.7625 0.775
5 0.5890625 0.5645833333333333 0.465625 0.8541666666666666
6 0.4671875 0.6333333333333333 0.459375 0.725
8 0.41875 0.6604166666666667 0.35 0.6708333333333333
10 0.4890625 0.6354166666666666 0.428125 0.7208333333333333
13 0.6875 0.4125 0.61875 0.44166666666666665
14 0.6609375 0.58125 0.671875 0.5041666666666667
16 0.490625 0.6083333333333333 0.28125 0.775
18 0.45 0.6541666666666667 0.31875 0.675
19 0.70625 0.6583333333333333 0.58125 0.675
20 0.6734375 0.6333333333333333 0.640625 0.725
1 0.678125 0.5479166666666667 0.34375 0.8958333333333334
2 0.6796875 0.64375 0.453125 0.6958333333333333
3 0.609375 0.6083333333333333 0.7625 0.775
5 0.5890625 0.5645833333333333 0.465625 0.8541666666666666
6 0.4671875 0.6333333333333333 0.459375 0.725
8 0.41875 0.6604166666666667 0.35 0.6708333333333333
10 0.4890625 0.6354166666666666 0.428125 0.7208333333333333
13 0.6875 0.4125 0.61875 0.44166666666666665
14 0.6609375 0.58125 0.671875 0.5041666666666667
16 0.490625 0.6083333333333333 0.28125 0.775
18 0.45 0.6541666666666667 0.31875 0.675
19 0.70625 0.6583333333333333 0.58125 0.675
20 0.6734375 0.6333333333333333 0.640625 0.725
22 0.659375 0.6166666666666667 0.26875 0.7583333333333333
