2 0.6390625 0.6479166666666667 0.484375 0.6875
3 0.60625 0.6166666666666667 0.74375 0.7583333333333333
5 0.590625 0.5791666666666667 0.4625 0.8333333333333334
6 0.446875 0.6416666666666667 0.4375 0.7
8 0.4375 0.6104166666666667 0.36875 0.7708333333333334
2 0.6390625 0.6479166666666667 0.484375 0.6875
3 0.60625 0.6166666666666667 0.74375 0.7583333333333333
5 0.590625 0.5791666666666667 0.4625 0.8333333333333334
6 0.446875 0.6416666666666667 0.4375 0.7
8 0.4375 0.6104166666666667 0.36875 0.7708333333333334
10 0.4453125 0.6375 0.409375 0.7166666666666667
11 0.6453125 0.5833333333333334 0.696875 0.4666666666666667
13 0.7125 0.42916666666666664 0.5625 0.5083333333333333
14 0.6484375 0.56875 0.696875 0.5458333333333333
16 0.46875 0.625 0.28125 0.7416666666666667
17 0.5890625 0.5916666666666667 0.459375 0.8
18 0.421875 0.6416666666666667 0.35625 0.7083333333333334
19 0.70625 0.6520833333333333 0.575 0.6791666666666667
20 0.5953125 0.65 0.590625 0.6916666666666667
21 0.7734375 0.6875 0.440625 0.6083333333333333
2 0.6390625 0.6479166666666667 0.484375 0.6875
3 0.60625 0.6166666666666667 0.74375 0.7583333333333333
5 0.590625 0.5791666666666667 0.4625 0.8333333333333334
6 0.446875 0.6416666666666667 0.4375 0.7
8 0.4375 0.6104166666666667 0.36875 0.7708333333333334
10 0.4453125 0.6375 0.409375 0.7166666666666667
11 0.6453125 0.5833333333333334 0.696875 0.4666666666666667
13 0.7125 0.42916666666666664 0.5625 0.5083333333333333
14 0.6484375 0.56875 0.696875 0.5458333333333333
16 0.46875 0.625 0.28125 0.7416666666666667
17 0.5890625 0.5916666666666667 0.459375 0.8
18 0.421875 0.6416666666666667 0.35625 0.7083333333333334
19 0.70625 0.6520833333333333 0.575 0.6791666666666667
20 0.5953125 0.65 0.590625 0.6916666666666667
21 0.7734375 0.6875 0.440625 0.6083333333333333
22 0.6671875 0.6083333333333333 0.278125 0.775
