2 0.66875 0.6479166666666667 0.45625 0.6875
3 0.60625 0.6145833333333334 0.75625 0.7625
5 0.584375 0.5708333333333333 0.4625 0.8416666666666667
6 0.45625 0.6375 0.45 0.7166666666666667
8 0.4296875 0.6791666666666667 0.365625 0.6333333333333333
2 0.66875 0.6479166666666667 0.45625 0.6875
3 0.60625 0.6145833333333334 0.75625 0.7625
5 0.584375 0.5708333333333333 0.4625 0.8416666666666667
6 0.45625 0.6375 0.45 0.7166666666666667
8 0.4296875 0.6791666666666667 0.365625 0.6333333333333333
10 0.459375 0.6333333333333333 0.425 0.725
11 0.6578125 0.6270833333333333 0.678125 0.4708333333333333
13 0.696875 0.4083333333333333 0.6 0.475
14 0.65625 0.5895833333333333 0.68125 0.5375
16 0.490625 0.6020833333333333 0.28125 0.7791666666666667
17 0.5875 0.5895833333333333 0.45625 0.8041666666666667
18 0.4421875 0.6520833333333333 0.340625 0.6875
19 0.70625 0.6604166666666667 0.58125 0.6708333333333333
20 0.6171875 0.6333333333333333 0.578125 0.7166666666666667
2 0.66875 0.6479166666666667 0.45625 0.6875
3 0.60625 0.6145833333333334 0.75625 0.7625
5 0.584375 0.5708333333333333 0.4625 0.8416666666666667
6 0.45625 0.6375 0.45 0.7166666666666667
8 0.4296875 0.6791666666666667 0.365625 0.6333333333333333
10 0.459375 0.6333333333333333 0.425 0.725
11 0.6578125 0.6270833333333333 0.678125 0.4708333333333333
13 0.696875 0.4083333333333333 0.6 0.475
14 0.65625 0.5895833333333333 0.68125 0.5375
16 0.490625 0.6020833333333333 0.28125 0.7791666666666667
17 0.5875 0.5895833333333333 0.45625 0.8041666666666667
18 0.4421875 0.6520833333333333 0.340625 0.6875
19 0.70625 0.6604166666666667 0.58125 0.6708333333333333
20 0.6171875 0.6333333333333333 0.578125 0.7166666666666667
22 0.6625 0.6125 0.275 0.7666666666666667
