1 0.6703125 0.525 0.353125 0.9416666666666667
3 0.6109375 0.6166666666666667 0.753125 0.7583333333333333
5 0.5890625 0.5666666666666667 0.465625 0.85
6 0.44375 0.6416666666666667 0.43125 0.7083333333333334
8 0.446875 0.6083333333333333 0.3625 0.775
1 0.6703125 0.525 0.353125 0.9416666666666667
3 0.6109375 0.6166666666666667 0.753125 0.7583333333333333
5 0.5890625 0.5666666666666667 0.465625 0.85
6 0.44375 0.6416666666666667 0.43125 0.7083333333333334
8 0.446875 0.6083333333333333 0.3625 0.775
10 0.4515625 0.6375 0.421875 0.7166666666666667
11 0.621875 0.6666666666666666 0.75 0.6333333333333333
14 0.6484375 0.5666666666666667 0.696875 0.5583333333333333
16 0.46875 0.625 0.28125 0.7333333333333333
17 0.5875 0.6 0.4625 0.7916666666666666
18 0.3875 0.6479166666666667 0.35 0.6958333333333333
19 0.709375 0.6520833333333333 0.575 0.6791666666666667
20 0.5921875 0.6520833333333333 0.590625 0.6875
21 0.775 0.6895833333333333 0.4375 0.6125
1 0.6703125 0.525 0.353125 0.9416666666666667
3 0.6109375 0.6166666666666667 0.753125 0.7583333333333333
5 0.5890625 0.5666666666666667 0.465625 0.85
6 0.44375 0.6416666666666667 0.43125 0.7083333333333334
8 0.446875 0.6083333333333333 0.3625 0.775
10 0.4515625 0.6375 0.421875 0.7166666666666667
11 0.621875 0.6666666666666666 0.75 0.6333333333333333
14 0.6484375 0.5666666666666667 0.696875 0.5583333333333333
16 0.46875 0.625 0.28125 0.7333333333333333
17 0.5875 0.6 0.4625 0.7916666666666666
18 0.3875 0.6479166666666667 0.35 0.6958333333333333
19 0.709375 0.6520833333333333 0.575 0.6791666666666667
20 0.5921875 0.6520833333333333 0.590625 0.6875
21 0.775 0.6895833333333333 0.4375 0.6125
22 0.7015625 0.6125 0.346875 0.7583333333333333
