2 0.625 0.6333333333333333 0.5 0.7166666666666667
3 0.6109375 0.61875 0.746875 0.7541666666666667
5 0.5828125 0.5666666666666667 0.459375 0.8583333333333333
6 0.4484375 0.65 0.434375 0.6916666666666667
7 0.5828125 0.6291666666666667 0.378125 0.7333333333333333
8 0.45625 0.6229166666666667 0.3625 0.7458333333333333
2 0.625 0.6333333333333333 0.5 0.7166666666666667
3 0.6109375 0.61875 0.746875 0.7541666666666667
5 0.5828125 0.5666666666666667 0.459375 0.8583333333333333
6 0.4484375 0.65 0.434375 0.6916666666666667
7 0.5828125 0.6291666666666667 0.378125 0.7333333333333333
8 0.45625 0.6229166666666667 0.3625 0.7458333333333333
10 0.490625 0.6375 0.425 0.7083333333333334
13 0.7 0.39791666666666664 0.59375 0.4791666666666667
14 0.646875 0.6083333333333333 0.7 0.6166666666666667
16 0.4609375 0.6333333333333333 0.278125 0.725
17 0.590625 0.5979166666666667 0.4625 0.7958333333333333
18 0.3671875 0.7 0.334375 0.5916666666666667
19 0.7125 0.6520833333333333 0.56875 0.6791666666666667
20 0.65 0.6541666666666667 0.68125 0.6833333333333333
2 0.625 0.6333333333333333 0.5 0.7166666666666667
3 0.6109375 0.61875 0.746875 0.7541666666666667
5 0.5828125 0.5666666666666667 0.459375 0.8583333333333333
6 0.4484375 0.65 0.434375 0.6916666666666667
7 0.5828125 0.6291666666666667 0.378125 0.7333333333333333
8 0.45625 0.6229166666666667 0.3625 0.7458333333333333
10 0.490625 0.6375 0.425 0.7083333333333334
13 0.7 0.39791666666666664 0.59375 0.4791666666666667
14 0.646875 0.6083333333333333 0.7 0.6166666666666667
16 0.4609375 0.6333333333333333 0.278125 0.725
17 0.590625 0.5979166666666667 0.4625 0.7958333333333333
18 0.3671875 0.7 0.334375 0.5916666666666667
19 0.7125 0.6520833333333333 0.56875 0.6791666666666667
20 0.65 0.6541666666666667 0.68125 0.6833333333333333
22 0.6578125 0.63125 0.278125 0.7291666666666666
