2 0.6109375 0.61875 0.521875 0.7541666666666667
3 0.5828125 0.6208333333333333 0.728125 0.75
5 0.571875 0.55625 0.4625 0.8791666666666667
6 0.4203125 0.6375 0.415625 0.7083333333333334
7 0.578125 0.6145833333333334 0.3625 0.7625
2 0.6109375 0.61875 0.521875 0.7541666666666667
3 0.5828125 0.6208333333333333 0.728125 0.75
5 0.571875 0.55625 0.4625 0.8791666666666667
6 0.4203125 0.6375 0.415625 0.7083333333333334
7 0.578125 0.6145833333333334 0.3625 0.7625
9 0.7125 0.65625 0.56875 0.6708333333333333
10 0.6109375 0.65 0.446875 0.6916666666666667
11 0.6171875 0.6625 0.759375 0.5
13 0.7140625 0.39375 0.565625 0.4708333333333333
14 0.6671875 0.58125 0.653125 0.45416666666666666
16 0.3828125 0.5666666666666667 0.315625 0.85
18 0.378125 0.6791666666666667 0.3 0.6333333333333333
19 0.70625 0.65625 0.58125 0.6791666666666667
20 0.659375 0.6458333333333334 0.66875 0.6916666666666667
21 0.76875 0.6645833333333333 0.43125 0.6541666666666667
2 0.6109375 0.61875 0.521875 0.7541666666666667
3 0.5828125 0.6208333333333333 0.728125 0.75
5 0.571875 0.55625 0.4625 0.8791666666666667
6 0.4203125 0.6375 0.415625 0.7083333333333334
7 0.578125 0.6145833333333334 0.3625 0.7625
9 0.7125 0.65625 0.56875 0.6708333333333333
10 0.6109375 0.65 0.446875 0.6916666666666667
11 0.6171875 0.6625 0.759375 0.5
13 0.7140625 0.39375 0.565625 0.4708333333333333
14 0.6671875 0.58125 0.653125 0.45416666666666666
16 0.3828125 0.5666666666666667 0.315625 0.85
18 0.378125 0.6791666666666667 0.3 0.6333333333333333
19 0.70625 0.65625 0.58125 0.6791666666666667
20 0.659375 0.6458333333333334 0.66875 0.6916666666666667
21 0.76875 0.6645833333333333 0.43125 0.6541666666666667
22 0.6640625 0.6458333333333334 0.284375 0.7
