1 0.765625 0.5416666666666666 0.3875 0.9083333333333333
2 0.6171875 0.63125 0.515625 0.7208333333333333
3 0.596875 0.6229166666666667 0.76875 0.7458333333333333
5 0.565625 0.5541666666666667 0.475 0.8833333333333333
6 0.409375 0.6416666666666667 0.40625 0.7083333333333334
7 0.584375 0.6125 0.34375 0.7583333333333333
1 0.765625 0.5416666666666666 0.3875 0.9083333333333333
2 0.6171875 0.63125 0.515625 0.7208333333333333
3 0.596875 0.6229166666666667 0.76875 0.7458333333333333
5 0.565625 0.5541666666666667 0.475 0.8833333333333333
6 0.409375 0.6416666666666667 0.40625 0.7083333333333334
7 0.584375 0.6125 0.34375 0.7583333333333333
9 0.721875 0.60625 0.55 0.42916666666666664
10 0.6203125 0.6479166666666667 0.453125 0.6875
13 0.715625 0.3958333333333333 0.55625 0.475
14 0.665625 0.5833333333333334 0.6625 0.45
16 0.35 0.5729166666666666 0.2875 0.8458333333333333
18 0.38125 0.6854166666666667 0.30625 0.6208333333333333
19 0.70625 0.6541666666666667 0.58125 0.675
20 0.659375 0.6479166666666667 0.675 0.6958333333333333
1 0.765625 0.5416666666666666 0.3875 0.9083333333333333
2 0.6171875 0.63125 0.515625 0.7208333333333333
3 0.596875 0.6229166666666667 0.76875 0.7458333333333333
5 0.565625 0.5541666666666667 0.475 0.8833333333333333
6 0.409375 0.6416666666666667 0.40625 0.7083333333333334
7 0.584375 0.6125 0.34375 0.7583333333333333
9 0.721875 0.60625 0.55 0.42916666666666664
10 0.6203125 0.6479166666666667 0.453125 0.6875
13 0.715625 0.3958333333333333 0.55625 0.475
14 0.665625 0.5833333333333334 0.6625 0.45
16 0.35 0.5729166666666666 0.2875 0.8458333333333333
18 0.38125 0.6854166666666667 0.30625 0.6208333333333333
19 0.70625 0.6541666666666667 0.58125 0.675
20 0.659375 0.6479166666666667 0.675 0.6958333333333333
22 0.6515625 0.6395833333333333 0.271875 0.7125
