0 0.671875 0.58125 0.61875 0.8291666666666667
0 0.671875 0.58125 0.61875 0.8291666666666667
2 0.621875 0.63125 0.50625 0.7208333333333333
3 0.6140625 0.61875 0.734375 0.7541666666666667
5 0.584375 0.5666666666666667 0.45625 0.8583333333333333
6 0.4375 0.6625 0.425 0.6666666666666666
7 0.584375 0.6125 0.3625 0.7583333333333333
8 0.4640625 0.6229166666666667 0.340625 0.7375
0 0.671875 0.58125 0.61875 0.8291666666666667
2 0.621875 0.63125 0.50625 0.7208333333333333
3 0.6140625 0.61875 0.734375 0.7541666666666667
5 0.584375 0.5666666666666667 0.45625 0.8583333333333333
6 0.4375 0.6625 0.425 0.6666666666666666
7 0.584375 0.6125 0.3625 0.7583333333333333
8 0.4640625 0.6229166666666667 0.340625 0.7375
10 0.51875 0.6375 0.4375 0.7083333333333334
11 0.596875 0.5979166666666667 0.8 0.44583333333333336
14 0.6515625 0.5833333333333334 0.690625 0.525
16 0.453125 0.6333333333333333 0.28125 0.7166666666666667
18 0.3703125 0.6645833333333333 0.328125 0.6625
19 0.7109375 0.6520833333333333 0.565625 0.6875
20 0.6515625 0.6541666666666667 0.678125 0.6833333333333333
0 0.671875 0.58125 0.61875 0.8291666666666667
2 0.621875 0.63125 0.50625 0.7208333333333333
3 0.6140625 0.61875 0.734375 0.7541666666666667
5 0.584375 0.5666666666666667 0.45625 0.8583333333333333
6 0.4375 0.6625 0.425 0.6666666666666666
7 0.584375 0.6125 0.3625 0.7583333333333333
8 0.4640625 0.6229166666666667 0.340625 0.7375
10 0.51875 0.6375 0.4375 0.7083333333333334
11 0.596875 0.5979166666666667 0.8 0.44583333333333336
14 0.6515625 0.5833333333333334 0.690625 0.525
16 0.453125 0.6333333333333333 0.28125 0.7166666666666667
18 0.3703125 0.6645833333333333 0.328125 0.6625
19 0.7109375 0.6520833333333333 0.565625 0.6875
20 0.6515625 0.6541666666666667 0.678125 0.6833333333333333
22 0.659375 0.6333333333333333 0.28125 0.7166666666666667
