0 0.65 0.5875 0.6375 0.8166666666666667
0 0.65 0.5875 0.6375 0.8166666666666667
2 0.6109375 0.6145833333333334 0.521875 0.7541666666666667
3 0.60625 0.61875 0.725 0.7458333333333333
4 0.590625 0.6270833333333333 0.30625 0.7291666666666666
5 0.5640625 0.5604166666666667 0.465625 0.8625
6 0.4265625 0.64375 0.421875 0.7041666666666667
7 0.5796875 0.6166666666666667 0.371875 0.7583333333333333
0 0.65 0.5875 0.6375 0.8166666666666667
2 0.6109375 0.6145833333333334 0.521875 0.7541666666666667
3 0.60625 0.61875 0.725 0.7458333333333333
4 0.590625 0.6270833333333333 0.30625 0.7291666666666666
5 0.5640625 0.5604166666666667 0.465625 0.8625
6 0.4265625 0.64375 0.421875 0.7041666666666667
7 0.5796875 0.6166666666666667 0.371875 0.7583333333333333
10 0.6 0.6520833333333333 0.4375 0.6875
13 0.7140625 0.39166666666666666 0.565625 0.475
14 0.6640625 0.5895833333333333 0.665625 0.4708333333333333
16 0.3765625 0.56875 0.290625 0.8458333333333333
18 0.378125 0.6791666666666667 0.3 0.625
19 0.7078125 0.6541666666666667 0.578125 0.675
20 0.6609375 0.6479166666666667 0.671875 0.6875
0 0.65 0.5875 0.6375 0.8166666666666667
2 0.6109375 0.6145833333333334 0.521875 0.7541666666666667
3 0.60625 0.61875 0.725 0.7458333333333333
4 0.590625 0.6270833333333333 0.30625 0.7291666666666666
5 0.5640625 0.5604166666666667 0.465625 0.8625
6 0.4265625 0.64375 0.421875 0.7041666666666667
7 0.5796875 0.6166666666666667 0.371875 0.7583333333333333
10 0.6 0.6520833333333333 0.4375 0.6875
13 0.7140625 0.39166666666666666 0.565625 0.475
14 0.6640625 0.5895833333333333 0.665625 0.4708333333333333
16 0.3765625 0.56875 0.290625 0.8458333333333333
18 0.378125 0.6791666666666667 0.3 0.625
19 0.7078125 0.6541666666666667 0.578125 0.675
20 0.6609375 0.6479166666666667 0.671875 0.6875
22 0.65625 0.64375 0.275 0.7041666666666667
