2 0.6171875 0.6125 0.521875 0.75
3 0.5984375 0.6166666666666667 0.740625 0.7583333333333333
5 0.5484375 0.5666666666666667 0.503125 0.85
6 0.4359375 0.6625 0.428125 0.6583333333333333
2 0.6171875 0.6125 0.521875 0.75
3 0.5984375 0.6166666666666667 0.740625 0.7583333333333333
5 0.5484375 0.5666666666666667 0.503125 0.85
6 0.4359375 0.6625 0.428125 0.6583333333333333
10 0.5578125 0.64375 0.434375 0.7041666666666667
13 0.7125 0.3729166666666667 0.56875 0.4708333333333333
14 0.6671875 0.5791666666666667 0.659375 0.4666666666666667
16 0.4078125 0.5666666666666667 0.284375 0.8583333333333333
17 0.55 0.60625 0.475 0.7791666666666667
18 0.3703125 0.7104166666666667 0.309375 0.5708333333333333
19 0.7109375 0.6520833333333333 0.565625 0.6791666666666667
20 0.65625 0.6520833333333333 0.66875 0.6875
2 0.6171875 0.6125 0.521875 0.75
3 0.5984375 0.6166666666666667 0.740625 0.7583333333333333
5 0.5484375 0.5666666666666667 0.503125 0.85
6 0.4359375 0.6625 0.428125 0.6583333333333333
10 0.5578125 0.64375 0.434375 0.7041666666666667
13 0.7125 0.3729166666666667 0.56875 0.4708333333333333
14 0.6671875 0.5791666666666667 0.659375 0.4666666666666667
16 0.4078125 0.5666666666666667 0.284375 0.8583333333333333
17 0.55 0.60625 0.475 0.7791666666666667
18 0.3703125 0.7104166666666667 0.309375 0.5708333333333333
19 0.7109375 0.6520833333333333 0.565625 0.6791666666666667
20 0.65625 0.6520833333333333 0.66875 0.6875
22 0.6578125 0.64375 0.278125 0.7041666666666667
