0 0.6640625 0.5895833333333333 0.621875 0.8125
0 0.6640625 0.5895833333333333 0.621875 0.8125
2 0.6140625 0.61875 0.509375 0.7458333333333333
3 0.6015625 0.6125 0.734375 0.7666666666666667
5 0.5546875 0.5625 0.496875 0.8666666666666667
6 0.44375 0.65625 0.43125 0.6791666666666667
7 0.5828125 0.6145833333333334 0.365625 0.7625
0 0.6640625 0.5895833333333333 0.621875 0.8125
2 0.6140625 0.61875 0.509375 0.7458333333333333
3 0.6015625 0.6125 0.734375 0.7666666666666667
5 0.5546875 0.5625 0.496875 0.8666666666666667
6 0.44375 0.65625 0.43125 0.6791666666666667
7 0.5828125 0.6145833333333334 0.365625 0.7625
10 0.5390625 0.6416666666666667 0.440625 0.7083333333333334
13 0.7140625 0.3854166666666667 0.565625 0.4875
14 0.6625 0.5791666666666667 0.66875 0.475
16 0.4421875 0.5979166666666667 0.284375 0.7875
18 0.3671875 0.6729166666666667 0.315625 0.6375
19 0.7125 0.6520833333333333 0.5625 0.6875
20 0.6578125 0.6520833333333333 0.665625 0.6875
0 0.6640625 0.5895833333333333 0.621875 0.8125
2 0.6140625 0.61875 0.509375 0.7458333333333333
3 0.6015625 0.6125 0.734375 0.7666666666666667
5 0.5546875 0.5625 0.496875 0.8666666666666667
6 0.44375 0.65625 0.43125 0.6791666666666667
7 0.5828125 0.6145833333333334 0.365625 0.7625
10 0.5390625 0.6416666666666667 0.440625 0.7083333333333334
13 0.7140625 0.3854166666666667 0.565625 0.4875
14 0.6625 0.5791666666666667 0.66875 0.475
16 0.4421875 0.5979166666666667 0.284375 0.7875
18 0.3671875 0.6729166666666667 0.315625 0.6375
19 0.7125 0.6520833333333333 0.5625 0.6875
20 0.6578125 0.6520833333333333 0.665625 0.6875
22 0.653125 0.64375 0.28125 0.7041666666666667
