2 0.6140625 0.6166666666666667 0.521875 0.7583333333333333
3 0.5953125 0.61875 0.734375 0.7541666666666667
4 0.5875 0.625 0.30625 0.7333333333333333
5 0.5484375 0.5645833333333333 0.496875 0.8541666666666666
6 0.425 0.65625 0.41875 0.6791666666666667
7 0.578125 0.6125 0.375 0.7583333333333333
2 0.6140625 0.6166666666666667 0.521875 0.7583333333333333
3 0.5953125 0.61875 0.734375 0.7541666666666667
4 0.5875 0.625 0.30625 0.7333333333333333
5 0.5484375 0.5645833333333333 0.496875 0.8541666666666666
6 0.425 0.65625 0.41875 0.6791666666666667
7 0.578125 0.6125 0.375 0.7583333333333333
10 0.5703125 0.6458333333333334 0.453125 0.7
13 0.715625 0.38333333333333336 0.55625 0.475
14 0.6640625 0.5875 0.665625 0.4666666666666667
16 0.396875 0.56875 0.3 0.8458333333333333
18 0.375 0.6791666666666667 0.30625 0.625
19 0.7078125 0.65625 0.571875 0.6791666666666667
20 0.659375 0.6520833333333333 0.675 0.6875
2 0.6140625 0.6166666666666667 0.521875 0.7583333333333333
3 0.5953125 0.61875 0.734375 0.7541666666666667
4 0.5875 0.625 0.30625 0.7333333333333333
5 0.5484375 0.5645833333333333 0.496875 0.8541666666666666
6 0.425 0.65625 0.41875 0.6791666666666667
7 0.578125 0.6125 0.375 0.7583333333333333
10 0.5703125 0.6458333333333334 0.453125 0.7
13 0.715625 0.38333333333333336 0.55625 0.475
14 0.6640625 0.5875 0.665625 0.4666666666666667
16 0.396875 0.56875 0.3 0.8458333333333333
18 0.375 0.6791666666666667 0.30625 0.625
19 0.7078125 0.65625 0.571875 0.6791666666666667
20 0.659375 0.6520833333333333 0.675 0.6875
22 0.6578125 0.6395833333333333 0.278125 0.7041666666666667
