2 0.634375 0.6354166666666666 0.49375 0.7125
3 0.6078125 0.61875 0.746875 0.7541666666666667
5 0.584375 0.5645833333333333 0.45625 0.8541666666666666
6 0.4515625 0.6375 0.440625 0.7083333333333334
8 0.45625 0.6145833333333334 0.35625 0.7625
2 0.634375 0.6354166666666666 0.49375 0.7125
3 0.6078125 0.61875 0.746875 0.7541666666666667
5 0.584375 0.5645833333333333 0.45625 0.8541666666666666
6 0.4515625 0.6375 0.440625 0.7083333333333334
8 0.45625 0.6145833333333334 0.35625 0.7625
10 0.459375 0.6375 0.4375 0.7166666666666667
13 0.7109375 0.4270833333333333 0.571875 0.49583333333333335
14 0.646875 0.5666666666666667 0.7 0.55
16 0.46875 0.6291666666666667 0.28125 0.7333333333333333
17 0.59375 0.6 0.4625 0.7916666666666666
18 0.3734375 0.65625 0.340625 0.6791666666666667
19 0.7078125 0.65 0.571875 0.6833333333333333
20 0.634375 0.65625 0.66875 0.6791666666666667
21 0.775 0.6895833333333333 0.4375 0.6125
2 0.634375 0.6354166666666666 0.49375 0.7125
3 0.6078125 0.61875 0.746875 0.7541666666666667
5 0.584375 0.5645833333333333 0.45625 0.8541666666666666
6 0.4515625 0.6375 0.440625 0.7083333333333334
8 0.45625 0.6145833333333334 0.35625 0.7625
10 0.459375 0.6375 0.4375 0.7166666666666667
13 0.7109375 0.4270833333333333 0.571875 0.49583333333333335
14 0.646875 0.5666666666666667 0.7 0.55
16 0.46875 0.6291666666666667 0.28125 0.7333333333333333
17 0.59375 0.6 0.4625 0.7916666666666666
18 0.3734375 0.65625 0.340625 0.6791666666666667
19 0.7078125 0.65 0.571875 0.6833333333333333
20 0.634375 0.65625 0.66875 0.6791666666666667
21 0.775 0.6895833333333333 0.4375 0.6125
22 0.6578125 0.6291666666666667 0.278125 0.725
