0 0.665625 0.58125 0.63125 0.8208333333333333
0 0.665625 0.58125 0.63125 0.8208333333333333
2 0.6234375 0.6291666666666667 0.509375 0.7333333333333333
3 0.60625 0.61875 0.725 0.7541666666666667
5 0.5671875 0.5625 0.471875 0.8666666666666667
6 0.440625 0.6604166666666667 0.43125 0.6708333333333333
7 0.58125 0.6145833333333334 0.375 0.7625
0 0.665625 0.58125 0.63125 0.8208333333333333
2 0.6234375 0.6291666666666667 0.509375 0.7333333333333333
3 0.60625 0.61875 0.725 0.7541666666666667
5 0.5671875 0.5625 0.471875 0.8666666666666667
6 0.440625 0.6604166666666667 0.43125 0.6708333333333333
7 0.58125 0.6145833333333334 0.375 0.7625
10 0.528125 0.6416666666666667 0.43125 0.7083333333333334
13 0.715625 0.3875 0.5625 0.48333333333333334
14 0.653125 0.59375 0.6875 0.5208333333333334
16 0.453125 0.6291666666666667 0.28125 0.7333333333333333
17 0.58125 0.5979166666666667 0.475 0.7875
18 0.3703125 0.6666666666666666 0.315625 0.65
19 0.7125 0.65 0.5625 0.6916666666666667
20 0.653125 0.65 0.675 0.6833333333333333
21 0.76875 0.6979166666666666 0.45 0.5958333333333333
0 0.665625 0.58125 0.63125 0.8208333333333333
2 0.6234375 0.6291666666666667 0.509375 0.7333333333333333
3 0.60625 0.61875 0.725 0.7541666666666667
5 0.5671875 0.5625 0.471875 0.8666666666666667
6 0.440625 0.6604166666666667 0.43125 0.6708333333333333
7 0.58125 0.6145833333333334 0.375 0.7625
10 0.528125 0.6416666666666667 0.43125 0.7083333333333334
13 0.715625 0.3875 0.5625 0.48333333333333334
14 0.653125 0.59375 0.6875 0.5208333333333334
16 0.453125 0.6291666666666667 0.28125 0.7333333333333333
17 0.58125 0.5979166666666667 0.475 0.7875
18 0.3703125 0.6666666666666666 0.315625 0.65
19 0.7125 0.65 0.5625 0.6916666666666667
20 0.653125 0.65 0.675 0.6833333333333333
21 0.76875 0.6979166666666666 0.45 0.5958333333333333
22 0.653125 0.64375 0.28125 0.7041666666666667
