0 0.571875 0.6104166666666667 0.54375 0.7708333333333334
0 0.571875 0.6104166666666667 0.54375 0.7708333333333334
1 0.7359375 0.5166666666666667 0.384375 0.95
2 0.6390625 0.6291666666666667 0.490625 0.7333333333333333
3 0.6015625 0.6270833333333333 0.753125 0.7375
5 0.5515625 0.5541666666666667 0.496875 0.8833333333333333
7 0.5859375 0.6208333333333333 0.346875 0.75
0 0.571875 0.6104166666666667 0.54375 0.7708333333333334
1 0.7359375 0.5166666666666667 0.384375 0.95
2 0.6390625 0.6291666666666667 0.490625 0.7333333333333333
3 0.6015625 0.6270833333333333 0.753125 0.7375
5 0.5515625 0.5541666666666667 0.496875 0.8833333333333333
7 0.5859375 0.6208333333333333 0.346875 0.75
10 0.640625 0.6583333333333333 0.45625 0.675
11 0.590625 0.6979166666666666 0.8125 0.5875
13 0.690625 0.375 0.6125 0.48333333333333334
16 0.39375 0.5625 0.30625 0.8666666666666667
18 0.378125 0.6875 0.29375 0.6166666666666667
20 0.653125 0.65 0.68125 0.6916666666666667
21 0.7203125 0.6395833333333333 0.340625 0.7041666666666667
0 0.571875 0.6104166666666667 0.54375 0.7708333333333334
1 0.7359375 0.5166666666666667 0.384375 0.95
2 0.6390625 0.6291666666666667 0.490625 0.7333333333333333
3 0.6015625 0.6270833333333333 0.753125 0.7375
5 0.5515625 0.5541666666666667 0.496875 0.8833333333333333
7 0.5859375 0.6208333333333333 0.346875 0.75
10 0.640625 0.6583333333333333 0.45625 0.675
11 0.590625 0.6979166666666666 0.8125 0.5875
13 0.690625 0.375 0.6125 0.48333333333333334
16 0.39375 0.5625 0.30625 0.8666666666666667
18 0.378125 0.6875 0.29375 0.6166666666666667
20 0.653125 0.65 0.68125 0.6916666666666667
21 0.7203125 0.6395833333333333 0.340625 0.7041666666666667
22 0.6546875 0.6416666666666667 0.271875 0.7083333333333334
