0 0.5625 0.6166666666666667 0.5375 0.75
0 0.5625 0.6166666666666667 0.5375 0.75
1 0.7296875 0.5166666666666667 0.384375 0.9583333333333334
3 0.60625 0.61875 0.75 0.7541666666666667
0 0.5625 0.6166666666666667 0.5375 0.75
1 0.7296875 0.5166666666666667 0.384375 0.9583333333333334
3 0.60625 0.61875 0.75 0.7541666666666667
13 0.6921875 0.37916666666666665 0.609375 0.48333333333333334
16 0.4984375 0.5708333333333333 0.965625 0.85
20 0.6546875 0.6520833333333333 0.678125 0.6875
0 0.5625 0.6166666666666667 0.5375 0.75
1 0.7296875 0.5166666666666667 0.384375 0.9583333333333334
3 0.60625 0.61875 0.75 0.7541666666666667
13 0.6921875 0.37916666666666665 0.609375 0.48333333333333334
16 0.4984375 0.5708333333333333 0.965625 0.85
20 0.6546875 0.6520833333333333 0.678125 0.6875
22 0.6625 0.6395833333333333 0.26875 0.7125
