0 0.546875 0.63125 0.53125 0.7291666666666666
0 0.546875 0.63125 0.53125 0.7291666666666666
1 0.71875 0.5104166666666666 0.38125 0.9708333333333333
3 0.60625 0.6145833333333334 0.75 0.7541666666666667
0 0.546875 0.63125 0.53125 0.7291666666666666
1 0.71875 0.5104166666666666 0.38125 0.9708333333333333
3 0.60625 0.6145833333333334 0.75 0.7541666666666667
13 0.6875 0.38333333333333336 0.61875 0.48333333333333334
20 0.6546875 0.6479166666666667 0.684375 0.6875
0 0.546875 0.63125 0.53125 0.7291666666666666
1 0.71875 0.5104166666666666 0.38125 0.9708333333333333
3 0.60625 0.6145833333333334 0.75 0.7541666666666667
13 0.6875 0.38333333333333336 0.61875 0.48333333333333334
20 0.6546875 0.6479166666666667 0.684375 0.6875
22 0.6703125 0.6458333333333334 0.278125 0.7
