0 0.60625 0.6041666666666666 0.55625 0.7833333333333333
0 0.60625 0.6041666666666666 0.55625 0.7833333333333333
2 0.628125 0.63125 0.50625 0.7208333333333333
3 0.5859375 0.6416666666666667 0.759375 0.7083333333333334
4 0.621875 0.6333333333333333 0.31875 0.7166666666666667
5 0.5515625 0.55 0.503125 0.8916666666666667
6 0.4265625 0.63125 0.428125 0.7208333333333333
7 0.5875 0.6208333333333333 0.34375 0.75
0 0.60625 0.6041666666666666 0.55625 0.7833333333333333
2 0.628125 0.63125 0.50625 0.7208333333333333
3 0.5859375 0.6416666666666667 0.759375 0.7083333333333334
4 0.621875 0.6333333333333333 0.31875 0.7166666666666667
5 0.5515625 0.55 0.503125 0.8916666666666667
6 0.4265625 0.63125 0.428125 0.7208333333333333
7 0.5875 0.6208333333333333 0.34375 0.75
10 0.6390625 0.6583333333333333 0.459375 0.675
13 0.690625 0.37083333333333335 0.6125 0.48333333333333334
14 0.6765625 0.5916666666666667 0.640625 0.44166666666666665
16 0.3625 0.5708333333333333 0.29375 0.85
18 0.3828125 0.6833333333333333 0.296875 0.625
19 0.70625 0.6583333333333333 0.58125 0.675
20 0.6484375 0.6395833333333333 0.671875 0.7041666666666667
21 0.775 0.6375 0.4375 0.7166666666666667
0 0.60625 0.6041666666666666 0.55625 0.7833333333333333
2 0.628125 0.63125 0.50625 0.7208333333333333
3 0.5859375 0.6416666666666667 0.759375 0.7083333333333334
4 0.621875 0.6333333333333333 0.31875 0.7166666666666667
5 0.5515625 0.55 0.503125 0.8916666666666667
6 0.4265625 0.63125 0.428125 0.7208333333333333
7 0.5875 0.6208333333333333 0.34375 0.75
10 0.6390625 0.6583333333333333 0.459375 0.675
13 0.690625 0.37083333333333335 0.6125 0.48333333333333334
14 0.6765625 0.5916666666666667 0.640625 0.44166666666666665
16 0.3625 0.5708333333333333 0.29375 0.85
18 0.3828125 0.6833333333333333 0.296875 0.625
19 0.70625 0.6583333333333333 0.58125 0.675
20 0.6484375 0.6395833333333333 0.671875 0.7041666666666667
21 0.775 0.6375 0.4375 0.7166666666666667
22 0.65625 0.6395833333333333 0.26875 0.7125
