0 0.63125 0.5979166666666667 0.58125 0.7958333333333333
0 0.63125 0.5979166666666667 0.58125 0.7958333333333333
2 0.625 0.6416666666666667 0.5125 0.7083333333333334
3 0.5921875 0.6333333333333333 0.771875 0.725
6 0.4265625 0.63125 0.428125 0.7208333333333333
7 0.58125 0.6166666666666667 0.35625 0.75
0 0.63125 0.5979166666666667 0.58125 0.7958333333333333
2 0.625 0.6416666666666667 0.5125 0.7083333333333334
3 0.5921875 0.6333333333333333 0.771875 0.725
6 0.4265625 0.63125 0.428125 0.7208333333333333
7 0.58125 0.6166666666666667 0.35625 0.75
9 0.7203125 0.6520833333333333 0.553125 0.6875
10 0.6375 0.6541666666666667 0.45 0.6833333333333333
13 0.696875 0.39166666666666666 0.6 0.475
14 0.66875 0.5833333333333334 0.65 0.44166666666666665
16 0.353125 0.5895833333333333 0.30625 0.8125
17 0.58125 0.5854166666666667 0.49375 0.8208333333333333
18 0.390625 0.6833333333333333 0.3125 0.625
19 0.703125 0.6625 0.5875 0.6666666666666666
20 0.6546875 0.6458333333333334 0.678125 0.6916666666666667
21 0.7765625 0.6354166666666666 0.434375 0.7208333333333333
0 0.63125 0.5979166666666667 0.58125 0.7958333333333333
2 0.625 0.6416666666666667 0.5125 0.7083333333333334
3 0.5921875 0.6333333333333333 0.771875 0.725
6 0.4265625 0.63125 0.428125 0.7208333333333333
7 0.58125 0.6166666666666667 0.35625 0.75
9 0.7203125 0.6520833333333333 0.553125 0.6875
10 0.6375 0.6541666666666667 0.45 0.6833333333333333
13 0.696875 0.39166666666666666 0.6 0.475
14 0.66875 0.5833333333333334 0.65 0.44166666666666665
16 0.353125 0.5895833333333333 0.30625 0.8125
17 0.58125 0.5854166666666667 0.49375 0.8208333333333333
18 0.390625 0.6833333333333333 0.3125 0.625
19 0.703125 0.6625 0.5875 0.6666666666666666
20 0.6546875 0.6458333333333334 0.678125 0.6916666666666667
21 0.7765625 0.6354166666666666 0.434375 0.7208333333333333
22 0.6515625 0.6354166666666666 0.271875 0.7125
