0 0.6328125 0.5958333333333333 0.596875 0.8
0 0.6328125 0.5958333333333333 0.596875 0.8
2 0.621875 0.6416666666666667 0.525 0.7
3 0.5921875 0.6270833333333333 0.765625 0.7375
5 0.56875 0.5520833333333334 0.46875 0.8875
6 0.4296875 0.6354166666666666 0.434375 0.7208333333333333
7 0.578125 0.6166666666666667 0.3625 0.7583333333333333
0 0.6328125 0.5958333333333333 0.596875 0.8
2 0.621875 0.6416666666666667 0.525 0.7
3 0.5921875 0.6270833333333333 0.765625 0.7375
5 0.56875 0.5520833333333334 0.46875 0.8875
6 0.4296875 0.6354166666666666 0.434375 0.7208333333333333
7 0.578125 0.6166666666666667 0.3625 0.7583333333333333
9 0.7203125 0.6729166666666667 0.553125 0.6458333333333334
10 0.621875 0.65 0.45625 0.6833333333333333
13 0.7171875 0.3958333333333333 0.559375 0.475
14 0.66875 0.5833333333333334 0.65625 0.45
16 0.3625 0.5770833333333333 0.3375 0.8291666666666667
18 0.3859375 0.6833333333333333 0.309375 0.625
19 0.7046875 0.6541666666666667 0.584375 0.675
20 0.6578125 0.65 0.671875 0.6916666666666667
21 0.76875 0.6395833333333333 0.43125 0.7041666666666667
0 0.6328125 0.5958333333333333 0.596875 0.8
2 0.621875 0.6416666666666667 0.525 0.7
3 0.5921875 0.6270833333333333 0.765625 0.7375
5 0.56875 0.5520833333333334 0.46875 0.8875
6 0.4296875 0.6354166666666666 0.434375 0.7208333333333333
7 0.578125 0.6166666666666667 0.3625 0.7583333333333333
9 0.7203125 0.6729166666666667 0.553125 0.6458333333333334
10 0.621875 0.65 0.45625 0.6833333333333333
13 0.7171875 0.3958333333333333 0.559375 0.475
14 0.66875 0.5833333333333334 0.65625 0.45
16 0.3625 0.5770833333333333 0.3375 0.8291666666666667
18 0.3859375 0.6833333333333333 0.309375 0.625
19 0.7046875 0.6541666666666667 0.584375 0.675
20 0.6578125 0.65 0.671875 0.6916666666666667
21 0.76875 0.6395833333333333 0.43125 0.7041666666666667
22 0.6515625 0.6395833333333333 0.278125 0.7125
